   1        "k-b+a"    3    8.004925   7.000318   5.227026
   2        "k-b+e"    7   18.556700  11.879187   8.429361
   3        "k-b+i"    2    1.999573   1.999573   1.999573
   4        "u-r+a"   17   19.148407  19.803862  26.351074
   5        "u-r+d"    8   18.103161  12.942389  19.262474
   6        "u-r+k"    2    2.039212   2.006361   2.007977
   7        "u-r+l"    6   10.133752  11.918032  10.803018
   8        "u-r+u"   36   45.503670  50.185745  70.341652
   9        "u-s+a"   47  121.329041 248.839096 148.144745
  10        "u-s+d"    4   10.534961  16.682369   5.259991
  11        "u-s+e"    6   20.394022  24.520615   9.882875
  12        "u-s+i"    3   10.991642  14.002885   6.984682
  13        "u-s+k"   11   32.987915  55.592960  19.316477
  14        "u-s+m"    2    3.252608  17.828241   8.369826
  15        "u-s+o"    8   14.812521  47.621433  19.938366
  16        "u-s+p"    3    7.658031  18.325235   4.010566
  17        "u-s+s"    1    1.098472   1.899922   0.999980
  18        "u-s+t"    1    2.236234   7.756146   2.002789
  19        "u-s+u"    2    5.302782  12.496469   6.231185
  20        "h-y+a"    2    8.118506   6.012987   4.080722
  21       "s-a+ng"   12   33.623608  30.249125  20.223475
  22       "s-a+ny"    5   17.601370  16.775492  30.898846
  23        "k-d+a"    9   12.126625  15.171195  18.845329
  24        "k-d+e"    3   11.026151   5.986057   8.911233
  25        "k-d+i"    2    4.995448   1.999937   1.999576
  26        "u-t+a"    9   19.047678  22.699841  15.978533
  27        "u-t+b"    4    7.473202   4.816189   5.002379
  28        "u-t+d"    1   43.484039   1.000088   0.999882
  29        "u-t+e"    2   23.325289   4.156322   2.724423
  30        "u-t+i"    1    5.515002   2.525558   1.002644
  31        "u-t+k"    9   84.903839  15.115418  20.695707
  32        "u-t+m"    2    2.023517   2.000305   2.000155
  33        "u-t+n"    3   11.122009   6.999423   6.999729
  34        "u-t+o"    2    5.445716   5.132716   3.025279
  35        "u-t+s"    6   10.890665   6.467619   6.172345
  36        "u-t+u"    8   23.098101  15.188616  14.946546
  37        "u-t+y"    2    3.499927   2.538872   2.013450
  38        "k-e+a"    8    9.242597   8.017646   8.113255
  39        "k-e+d"    3    3.008496   4.234746   4.764813
  40        "k-e+e"    2    2.028046   3.858052   5.002286
  41        "k-e+g"    2    2.100148   4.637385   6.374300
  42        "k-e+h"    2    1.999778   1.999778   1.999777
  43        "k-e+l"   17   18.275770  22.152706  29.606770
  44        "k-e+m"    9   12.201076  10.644431  15.983571
  45        "k-e+n"    6    6.940762   7.000116   7.015543
  46        "k-e+p"   17   21.396311  22.654772  51.267681
  47        "k-e+r"   15   19.379232  35.444302  45.979458
  48        "k-e+s"    9    9.143682   9.141632   9.954937
  49        "k-e+t"    7   10.916049   7.084865  15.785765
  50        "k-e+u"   11   11.972150  12.618578  12.579907
  51      "ng-kh+a"    1    0.999879   1.038754   6.690158
  52        "k-h+a"   10   20.381889  20.632654  19.426067
  53        "k-i+a"    7   19.999016  12.018601  10.299380
  54        "k-i+b"   12   31.264633  45.473648  68.302719
  55        "k-i+h"    2    5.697824   7.275616   5.224267
  56        "k-i+k"    2    2.341569  30.759428  35.497658
  57        "k-i+m"    1    1.341486   1.000136   1.010169
  58        "k-i+n"   26   56.387932  81.835655  61.494648
  59        "k-i+p"    2    3.866491   3.991426  22.936300
  60        "k-i+r"    2    2.617021  10.438595  39.307476
  61        "k-i+s"    4    7.148583  37.070915  55.317814
  62        "k-i+t"  104  215.871902 207.508392 378.218597
  63        "u-y+a"    3   11.078844  13.999118  10.359660
  64       "u-a+ng"    6    9.509630  12.248537  11.971047
  65       "u-a+ny"    2    3.466910   3.299697   7.297455
  66        "k-k+a"    1    1.731888   2.817614   1.874172
  67        "k-k+e"    6   12.712861  14.641840   7.239893
  68        "k-k+i"   21   28.320269  34.795727  24.573097
  69        "k-l+a"   16   33.320869  30.753616  22.600372
  70        "k-l+e"    3    7.246178   4.971436   6.024734
  71        "k-l+i"    2    2.967782   2.865390  16.436941
  72        "k-m+a"    3    4.001280   6.998519   6.997798
  73        "k-m+e"   20   37.180820  29.288542  25.502747
  74        "k-m+i"    3    2.998909   3.998642   3.998639
  75        "k-n+i"    2    2.348782  10.503508   2.007335
  76        "k-o+m"    3    6.988109  13.930465   6.065343
  77        "k-o+n"   19   37.459576  53.792233  36.679913
  78        "k-o+p"    2    3.488890   3.397732   4.488390
  79        "k-p+a"    3   17.451586   5.458037   6.999489
  80        "k-p+e"    7   16.070414  11.369648   8.996294
  81        "a-a+c"    3    8.267392  12.973362  10.064423
  82        "a-a+d"   10   22.504004  35.637966  33.510239
  83        "a-a+f"    9   16.896843  20.703245  25.721609
  84        "a-a+g"    3    6.096021  11.790086   6.033954
  85        "a-a+k"   22   33.510128  64.647255  67.202522
  86        "a-a+n"   50   60.405113  94.950012  82.759018
  87        "a-a+p"    9   20.604252  22.112516  46.103973
  88        "a-a+t"   10   15.407219  21.671638  29.821991
  89        "a-b+a"   15   41.821358  27.168283  23.363224
  90        "a-b+d"    1    1.402998   0.999543   0.999502
  91        "a-b+e"    9   31.794147  11.781741   9.883410
  92        "a-b+i"    7   24.533268   9.043489   9.033028
  93        "a-b+k"    3    6.017508   3.999329   3.005821
  94        "a-b+o"    1    2.993584   1.053701   0.999983
  95        "a-b+p"    1    0.999886   0.999885   0.999885
  96        "a-b+u"    8   35.056175  12.662880   9.704669
  97        "k-r+e"    9    9.068059  13.022707  13.849812
  98        "a-c+a"   18  128.173950  41.036171  32.817745
  99        "a-c+o"    1    9.596990   2.167704   1.995095
 100        "a-c+u"    2   11.914034   4.072288   2.000531
 101       "i-k+ny"    4   10.979111   8.975579   6.893570
 102        "k-s+a"    1    5.173895   3.575905   3.250910
 103        "k-s+e"   21   67.397545 105.027618  45.164879
 104        "k-s+i"   40  258.153168 227.456818 104.575836
 105        "a-d+a"  146  404.308228 260.574310 302.290436
 106        "a-d+e"    8   26.869781  19.237740  15.160588
 107        "a-d+i"   43  133.151108  57.354298  50.823021
 108        "a-d+m"    4    7.649478   5.007240   4.999665
 109        "a-d+w"    2    4.035207   2.993340   2.559521
 110        "k-t+e"   10   22.069897  14.877147  12.538908
 111        "k-t+i"    6   43.818905  12.995714   7.511096
 112        "k-t+o"    4   19.055677   7.002363   5.999420
 113        "k-t+u"   11   27.182022  18.610495  15.574026
 114        "a-e+s"    2    2.005907   3.288569   2.255195
 115        "k-u+a"    8   19.959024  15.347295  10.937232
 116        "k-u+k"   24   40.207924  46.562424  76.186378
 117        "k-u+m"    3    4.417953   7.581474   9.888573
 118        "k-u+p"   15   25.624760  39.875645  65.586266
 119        "k-u+r"   14   34.033279  43.393124  28.250231
 120        "k-u+s"   12   22.543871  16.425970  18.365339
 121        "a-f+a"    3   20.985073   4.017066   3.992139
 122        "a-f+k"    3   22.442617   4.837795   3.176225
 123        "a-f+o"    1   12.028105   1.000022   0.999976
 124        "a-f+p"    3    5.208726   4.118416   3.266155
 125        "a-f+s"    3   12.189832   3.799756   4.010976
 126        "n-a+a"    1    2.044716  10.784987   3.178658
 127        "n-a+b"    2    4.024102  31.970360   4.910149
 128        "n-a+c"    3    6.344260   7.679441   8.415860
 129        "n-a+d"    9   29.747805  23.519323  27.830210
 130        "n-a+g"    3   11.909128   9.166116  11.357681
 131        "n-a+h"    4    7.934089   8.979854   8.852462
 132        "n-a+i"    3    9.495569  19.030510  10.784136
 133        "n-a+j"    5   15.127249  21.601019  24.087641
 134        "n-a+k"   16   43.893314  55.055504  51.305889
 135        "n-a+l"   12   36.678089  50.227219  23.992430
 136        "n-a+m"   15   39.231514  49.436180  39.393223
 137        "n-a+n"   29   76.544281 109.196075  56.026585
 138        "n-a+p"    2    2.716347  26.633221   9.582438
 139        "n-a+r"   18   53.672722 134.141174  55.829926
 140        "n-a+s"    7   23.854158  39.168156  29.842623
 141        "n-a+t"   11   34.562088  66.797020  76.074081
 142        "n-a+u"    2    4.100106  15.640176   5.525085
 143        "n-a+y"    7   16.359802  27.459906  14.627913
 144        "a-g+a"   35  101.342148  80.145096  65.064812
 145        "a-g+e"    3    8.640141  12.997834   6.847595
 146        "a-g+i"   36  160.220520 106.368294  58.053970
 147        "a-g+r"    3    8.026168   8.998879   5.999002
 148        "a-g+u"    5   34.208733   6.890021  10.475995
 149        "n-b+a"   18   42.396248  29.142843  30.132538
 150        "n-b+e"   11   21.376770  13.432323  13.731820
 151        "n-b+i"    5    7.500161   4.999151   5.001513
 152        "a-h+a"  102  268.454437 214.499146 163.614670
 153        "a-h+b"   12   29.498003  17.047237  12.381210
 154        "a-h+c"    1    1.633239   1.324809   1.026066
 155        "a-h+d"   21   53.969944  24.930405  22.793556
 156        "a-h+f"    1   10.353357   1.009348   1.005123
 157        "a-h+h"    3    5.027519   2.999914   3.014848
 158        "a-h+i"    3    4.977793   5.810505   3.208986
 159        "a-h+j"    3    9.108010   3.001059   6.997855
 160        "a-h+k"   26  184.547653  39.349876  29.679420
 161        "a-h+m"   12  115.467552  15.287820  18.008726
 162        "a-h+o"    6   11.408672  13.968173   9.241100
 163        "a-h+p"    6   13.743630   7.887226   8.045072
 164        "a-h+s"   14  114.400047  20.679119  24.450670
 165        "a-h+t"   16   49.640419  20.621885  18.294197
 166        "a-h+u"   52   90.419044 106.077682  66.596832
 167        "a-h+w"    6   20.477791  14.921976   8.867746
 168        "a-h+y"    2    2.023258   2.000393   2.001271
 169        "n-c+a"    9   41.145920  19.071964  15.100028
 170        "n-c+e"    2    8.396205   4.590673   2.025961
 171        "n-c+u"    3   11.419939   7.668532   2.999552
 172        "a-i+b"    3   15.999674  13.960837  17.119015
 173        "a-i+d"   10   20.629227  32.851662  28.686832
 174        "a-i+h"    1    0.999701   0.999701   0.999701
 175        "a-i+k"   50   96.702553 185.868362 239.878052
 176        "a-i+m"   19   20.250986  32.741238  35.610645
 177        "a-i+n"   27   35.243416  74.863770  63.276428
 178        "a-i+p"    4    8.406655  13.405649  15.563039
 179        "a-i+s"    7    9.635251  25.593143  13.045451
 180        "a-i+t"   18   33.907127 104.608543  87.253044
 181        "a-i+u"    1    0.999942   0.999942   0.999942
 182       "y-a+ng"  159  188.057617 209.678726 202.629150
 183        "k-y+a"   16   40.172855  29.024460  33.376171
 184        "n-d+a"   64   92.961891  76.596489 113.334908
 185        "n-d+e"   21   30.334347  29.024927  34.011753
 186        "n-d+i"   38   51.282566  50.167370  42.910072
 187        "a-j+a"   11   55.641708  27.057865  30.824404
 188        "a-j+e"    1    1.983254   2.892568   1.128826
 189        "a-j+i"    1    5.350279   1.049471   0.999854
 190        "a-j+u"   16   72.096298  44.569134  33.730419
 191        "n-e+j"    3    5.001300  12.022720  15.876447
 192        "n-e+l"    1    0.999976   0.999983   1.000441
 193        "n-e+r"    4    5.285992  10.371246  13.355045
 194        "a-k+a"  165  485.443787 322.735840 266.779785
 195        "a-k+b"    9   15.274571  10.198816   9.394234
 196        "a-k+d"    2    2.001149   1.999584   1.999584
 197        "a-k+e"   20   67.270821  50.948586  24.133656
 198        "a-k+h"   10   15.072082  11.045603  11.806110
 199        "a-k+i"   38  120.591362  85.934158  52.115807
 200        "a-k+m"    2    4.549100   2.011224   2.021589
 201        "a-k+n"    2    3.291224   2.072600   3.585170
 202        "a-k+o"    2    9.942952   5.195024   2.732079
 203        "a-k+r"    3    7.003722   6.960117   6.015376
 204        "a-k+s"    5    6.641190   5.264586   8.634606
 205        "a-k+t"   23   39.627731  26.360615  24.973810
 206        "a-k+u"   34  130.299454  74.366898  45.309391
 207        "a-l+a"  154  301.987427 251.819611 228.391678
 208        "a-l+e"   11   23.579861  17.610073  49.939407
 209        "a-l+h"    2    2.002555   2.127958   3.116188
 210        "a-l+i"   45   66.621956  59.546215  48.538845
 211        "a-l+k"    7   12.600072   9.882796  13.647151
 212        "a-l+l"    2    6.034815   2.032790   2.003957
 213        "a-l+m"    3    3.921653   6.981755  58.044121
 214        "a-l+p"    4   11.549552   5.888306  33.676598
 215        "a-l+s"    8   19.082813  11.922500  56.324760
 216        "a-l+t"   14   26.562321  16.416605  20.125496
 217        "a-l+u"   10   24.072662  12.154636  14.245148
 218        "a-l+v"    1    1.755840   1.011628   1.007532
 219        "a-l+y"    2    2.007914   2.015584  17.053354
 220        "n-g+u"    7   11.959362   9.774000   7.576247
 221        "a-m+a"   58  199.088333 123.544441 130.876266
 222        "a-m+b"    5   19.264214   7.338718   6.411918
 223        "a-m+c"    1    1.668658   1.167760   1.070488
 224        "a-m+e"   45  184.679718  74.396332  63.582008
 225        "a-m+f"    3   36.215492   4.996984   4.858226
 226        "a-m+i"   49  141.471130  71.450737  69.515533
 227        "a-m+j"    6   26.969156  10.990214  10.011254
 228        "a-m+k"    4   20.619820   7.189780   5.593167
 229        "a-m+m"    1   12.437446   1.098625   1.012009
 230        "a-m+o"    3   13.965883   5.832037   4.340244
 231        "a-m+p"   27  115.923981  44.607944  32.334702
 232        "a-m+r"    3   13.609960   6.995143   6.369787
 233        "a-m+s"    4    7.723292   4.358167   6.192886
 234        "a-m+u"    3   25.894936  13.395146   5.074312
 235        "n-h+a"   23   83.863869  51.006073  50.513035
 236        "a-n+a"   51  139.036331 131.794189 258.361145
 237        "a-n+b"   30  130.097931 148.335541 228.365341
 238        "a-n+c"   10   50.588112  49.415863  34.933617
 239        "a-n+d"   62  232.424042 220.644974 328.823151
 240        "a-n+g"    7   23.024872  53.663914  52.068775
 241        "a-n+h"   21   54.046318  58.049255  47.703777
 242        "a-n+i"   14   29.773329  35.065247  32.611595
 243        "a-n+j"   33  126.058281 139.226822 119.221252
 244        "a-n+k"   50  140.124222 208.214813 222.988052
 245        "a-n+l"   23   69.226585  66.337502  39.559998
 246        "a-n+m"   57  184.609924 191.543472 308.394623
 247        "a-n+o"   10   32.907871  22.842466  37.961430
 248        "a-n+p"  112  488.430023 484.106079 240.367859
 249        "a-n+r"    5   13.013425  14.292768   6.086733
 250        "a-n+s"   77  216.523376 223.127274 415.305420
 251        "a-n+t"   44  146.880951 187.018723 138.963516
 252        "a-n+u"    4   16.297956  21.464123 105.134529
 253        "a-n+v"    2   11.939925   6.281404   4.430537
 254        "a-n+y"   29   60.875477  74.318062  51.717632
 255        "n-i+a"    3    7.083768  19.655430  20.306551
 256        "n-i+b"   13   46.690880  89.201057 108.926094
 257        "n-i+d"    8   20.090408  58.714638  27.339922
 258        "n-i+f"    2    8.993812   3.134757   6.145648
 259        "n-i+k"    1    2.506709  14.535677   2.730061
 260        "n-i+l"    3    7.753616  12.003295   8.000743
 261        "n-i+m"   17   49.381634 102.822708  50.215057
 262        "n-i+n"   17   38.668537 108.765129  39.697361
 263        "n-i+p"    3   10.208779  34.826378  16.281528
 264        "n-i+s"   17   35.006550  93.083160  86.972710
 265        "n-i+t"    4    7.555463  25.166752  19.170061
 266        "n-i+y"    2    8.000435   1.999661   1.999661
 267        "a-o+m"    1    1.275962   3.095507   1.987032
 268        "a-o+n"    8   21.980766  34.193855  17.513378
 269        "n-j+a"   10   29.749590  23.439083  23.743879
 270        "n-j+e"   12   25.364235  21.829546  12.405150
 271        "n-j+i"    5   18.541613  14.379159   7.946284
 272        "n-j+u"   74  163.601669 143.335205 153.894257
 273        "a-p+a"  153  739.269714 318.360901 292.888916
 274        "a-p+b"    3   12.272401   4.144965   2.999429
 275        "a-p+d"    4   20.682356   4.236828   5.933214
 276        "a-p+e"   40  150.512863  62.038490  43.085228
 277        "a-p+i"    8   33.145672  15.250665   9.034119
 278        "a-p+l"    2    5.966426   2.843989   2.002072
 279        "a-p+m"    6   16.508951   9.720760   8.311270
 280        "a-p+o"   14   68.842163  25.944897  18.636358
 281        "a-p+r"    9   30.739025  15.327701  11.715607
 282        "a-p+s"    1    4.711967   0.999865   0.999835
 283        "a-p+u"   15   55.391876  33.858227  19.201557
 284        "n-k+a"    8   18.450771  24.934315  15.238256
 285        "n-k+e"   20   44.437771  50.922081  24.779362
 286        "n-k+i"   25   61.989063  58.203621  29.864298
 287        "n-k+r"    3    6.000536   6.614735   4.151200
 288       "b-ny+a"    6   15.567105  25.646093  22.562782
 289        "n-l+a"   25   53.588932  62.637138  37.646729
 290        "n-l+e"    8   26.821619   9.179216   9.002240
 291        "n-l+i"    3    4.020222   4.528654   8.501172
 292        "a-r+a"  107  130.204971 137.196732 152.055878
 293        "a-r+d"   21   40.017632  28.748055  44.877987
 294        "a-r+e"   31   49.261646  37.096085  52.908939
 295        "a-r+g"   25   33.928543  30.425896  50.757683
 296        "a-r+i"   85  102.243622 104.308319 113.658928
 297        "a-r+k"    7   13.041099  10.411675  13.247835
 298        "a-r+l"    1    1.555844   2.460495   1.991524
 299        "a-r+p"    2    2.043776   2.002300   1.999771
 300        "a-r+s"    7   10.351081   7.765608  12.557621
 301        "a-r+t"    5   10.899796   6.930199  10.846675
 302        "a-r+u"   14   19.989861  15.934820  20.061296
 303        "a-r+y"   16   18.903410  21.627773  32.463428
 304        "n-m+a"    6   14.487914  12.192925  19.991543
 305        "n-m+e"   72  133.413651 100.903038  88.805649
 306        "n-m+u"    3   11.267202   9.022305   6.591766
 307        "a-s+a"  104  311.557190 467.419830 309.824036
 308        "a-s+e"   57  244.945999 306.333008 120.860023
 309        "a-s+f"    1    3.469958  10.437222   1.934531
 310        "a-s+i"   72  250.842148 325.070312 168.353088
 311        "a-s+j"    1    1.166678   1.303477   1.185699
 312        "a-s+k"    6   16.947052  21.018305   9.377583
 313        "a-s+l"    3   11.144752   9.850597   6.506667
 314        "a-s+o"    4   11.300878  15.691956  10.071297
 315        "a-s+p"   19   97.066849  80.111862  24.436434
 316        "a-s+s"    3    9.225818   8.953363   4.961632
 317        "a-s+t"    2    5.602446   7.011535   1.999756
 318        "a-s+u"    8   22.839119  42.463577  18.611494
 319        "a-s+w"    7   22.680311  39.150623  19.827995
 320        "a-s+y"    6   26.358023  35.060860  14.872909
 321        "a-t+a"   82  300.701843 179.130997 122.755287
 322        "a-t+b"   10   41.887646  12.770565  11.738228
 323        "a-t+d"    7   21.266232   7.765026   7.044716
 324        "a-t+e"   20  144.059845  47.348213  24.947142
 325        "a-t+i"   38  127.119034  79.380707  63.745533
 326        "a-t+k"   36  138.889603  59.720604  58.481449
 327        "a-t+m"    9   61.548801  14.100347  10.892705
 328        "a-t+o"    3   52.288067   7.117437   4.999571
 329        "a-t+p"   40  126.423889  64.971527  44.571068
 330        "a-t+s"   16   53.857246  20.777697  21.123167
 331        "a-t+t"    6   23.118965   6.553904   6.052296
 332        "a-t+u"    8   26.261972  14.882421  10.210195
 333        "a-t+w"    2    4.310907   3.540697   3.674946
 334        "a-t+y"    3   59.540413   7.113217   4.009285
 335        "n-o+l"    6   26.777287  34.261292  22.349575
 336        "n-o+m"    6   20.566599  18.410273  14.867032
 337        "n-o+s"    4    8.991217  26.076500  12.942756
 338        "n-o+t"    2    4.989084  12.650064  10.340258
 339        "a-u+a"    3    4.016957  10.725754  11.241689
 340        "a-u+b"    6    9.906430  16.826160  26.322844
 341        "a-u+d"    2    2.013583   5.000226  35.966602
 342        "a-u+i"    3    3.663935   6.969429   6.917711
 343        "a-u+k"    4    4.002838   7.818138  22.247776
 344        "a-u+n"   12   17.200144  32.079453  22.944157
 345        "a-u+p"    3    3.999701   6.136137  14.888943
 346        "a-u+s"    1    0.999357   1.244804   1.026790
 347        "a-u+t"    1    0.999941   1.000156   1.001796
 348        "n-p+a"   12   22.985788  20.418713  28.376068
 349        "n-p+e"   49  140.868134  92.087799  63.127857
 350        "n-p+o"    4    9.994338   7.709335   6.260999
 351        "n-p+r"   56  119.698517  91.315956  73.481026
 352        "n-p+u"    4   12.073165   7.252506   4.748166
 353        "a-v+a"    8   39.076702  17.036438   8.995525
 354        "d-a+a"   11   21.179970  29.278456  27.029337
 355        "d-a+b"   10   21.467096  42.738071  47.429424
 356        "d-a+c"    2    3.234329  20.879559  27.047325
 357        "d-a+d"    3    6.202190  11.998700   9.015833
 358        "d-a+h"   45   87.597267  89.826080  71.548866
 359        "d-a+i"    3    3.898277  17.584518   7.552515
 360        "d-a+k"   31   54.852463 104.741333  96.823761
 361        "d-a+l"   37   74.490318 121.539421  96.743073
 362        "d-a+m"   11   24.099342  47.320427  27.453045
 363        "d-a+n"   71  149.164505 289.414551 165.799713
 364        "d-a+p"   54  111.776527 194.038773 250.708466
 365        "d-a+r"   63  125.400665 178.708466 117.640724
 366        "d-a+s"    7   14.802887  42.191734  16.108139
 367        "d-a+t"    4   10.121780  24.171080  24.236925
 368        "d-a+v"    8   20.367990  22.733223  38.666126
 369        "d-a+y"    2    1.999562   1.999561   1.999561
 370        "a-w+a"   24  131.269211 105.966621 120.782829
 371        "n-r+a"    5    8.207391   5.797853   8.896614
 372        "n-s+a"   22   65.966621  78.366051  58.039055
 373        "n-s+e"   83  371.423431 290.433289 168.960129
 374        "n-s+i"    8   29.337961  38.260578  18.822094
 375        "n-s+t"    4   12.458749  10.992412   4.901653
 376        "n-s+u"    5   18.184887  27.000141  11.350188
 377        "a-y+a"  100  255.029648 371.187347 209.428619
 378        "a-y+e"    5   15.326792  31.773623  22.141680
 379        "n-t+a"   24   41.272320  48.797131  40.752110
 380        "n-t+e"   23   48.156708  40.111706  29.748785
 381        "n-t+i"   20   39.323433  35.333027  24.459961
 382        "n-t+o"    3    7.651984   6.949800   4.048748
 383        "n-t+u"   54   82.560844  81.675774  85.351265
 384        "a-z+a"    2    6.772233   5.485408  23.259983
 385        "d-e+k"    2    2.000336   2.133811   7.454869
 386        "d-e+l"    1    0.999864   0.999814   0.999814
 387        "d-e+m"    3    4.000309   6.954751   7.048251
 388        "d-e+p"    3    3.998467   3.999853  16.012831
 389        "d-e+r"    2    2.014962   3.061377   5.864341
 390        "d-e+u"    2    2.039583   2.082309   2.528266
 391        "d-e+y"    2    1.999998   2.000335   2.000019
 392        "n-u+h"    2    2.327425  11.815945   5.045148
 393        "n-u+n"   10   40.863956  32.000336  15.737100
 394        "n-u+r"   33   93.541397 142.002884  54.202011
 395        "n-u+s"    1    1.411438   1.696758   1.006255
 396        "n-u+t"    3    7.156178   8.300537  11.045755
 397        "n-v+i"    2    7.274581   6.470332   9.769152
 398        "d-i+a"   20   71.314781  89.785553  39.554356
 399        "d-i+b"   32   63.998848  83.074898 126.324226
 400        "d-i+d"    7   10.500566  38.216698  19.465075
 401        "d-i+g"    2    2.038963  16.209143  11.397559
 402        "d-i+h"    2    4.540922   5.706704   5.133862
 403        "d-i+k"   18   31.368860  65.083160  72.418755
 404        "d-i+l"   13   23.004021  27.984974  30.388407
 405        "d-i+m"   11   17.220774  39.012341  32.105522
 406        "d-i+p"    8   12.877703  19.581137  44.234337
 407        "d-i+r"    5   10.895658  15.714178  12.112455
 408        "d-i+s"   27   50.567936  56.728931  49.696346
 409        "d-i+t"    4    7.927230  31.786364  39.153797
 410        "d-i+v"   11   19.650141  28.382896  38.768528
 411        "n-y+a"   37  116.765747  75.815163  67.202461
 412         "sy+u"    6   14.145144  37.953720  28.078022
 413       "a-kh+i"   21   75.174988  76.882469  81.738014
 414        "d-m+i"    4    7.908232   9.090492   6.994747
 415       "ny-a+a"    8   11.996744  22.548231  10.240196
 416       "ny-a+b"    5    8.348783  14.867291  13.350970
 417       "ny-a+c"    1    1.000264   1.017681   2.609601
 418       "ny-a+d"    5    8.724359  11.301132  13.183344
 419       "ny-a+j"    3    4.974335   4.938300   6.475516
 420       "ny-a+k"   15   18.011333  28.198759  31.670937
 421       "ny-a+l"    2    1.999523   1.999551   2.003595
 422       "ny-a+m"   11   11.537107  13.950930  19.711182
 423       "ny-a+o"    1    1.008030   2.337388  10.419487
 424       "ny-a+p"    6   10.398248  21.363161  17.876312
 425       "ny-a+s"   14   19.802210  26.563179  25.022055
 426       "ny-a+t"   10   15.028461  18.972610  27.685583
 427       "ny-a+u"    2    2.300313   5.897466   2.001206
 428       "t-o+ng"    9   18.340019  17.137384  11.190538
 429      "e-ng+kh"    1    1.000115   1.049041   0.999897
 430        "d-o+y"   10   13.862309  28.558208  26.580681
 431       "ny-e+b"    7    7.006245   8.060158  14.945798
 432       "ny-e+l"    3    3.723002   3.330863   3.021225
 433       "ny-e+m"    4    3.999569   4.306071  12.933354
 434        "d-u+a"    9   25.309906  38.800392  17.596455
 435        "d-u+k"  100  177.798431 226.919159 387.936584
 436        "d-u+l"    1    1.005166   1.033380   1.018273
 437        "g-a+a"    3    6.999501   7.996989   6.160264
 438        "g-a+d"    3    9.681193   6.994969   7.966712
 439        "g-a+h"    4    9.552698  31.995255  12.693738
 440        "g-a+i"   28   31.891994  39.855480  32.036415
 441        "g-a+k"    7   24.691744  75.682373  53.868813
 442        "g-a+l"    5   12.070075  26.178175  13.783059
 443        "g-a+m"    3    8.243236  30.740200   9.009653
 444        "g-a+p"    1    3.445078   1.208465   2.642070
 445        "g-a+r"    6   16.367975  43.744373  37.128292
 446        "g-a+s"    7   19.146133  40.658329  17.956432
 447        "g-a+u"    2    3.937914  19.076796   2.838649
 448        "g-a+y"    3    4.998316   2.998965   4.009568
 449        "d-w+a"    2   11.230680   7.463129   2.030957
 450       "g-u+ng"    2    2.926379   7.744452   3.576291
 451        "g-e+n"    3    4.111885   4.040559   6.301278
 452        "g-e+r"   11   14.697214  12.705235  14.780846
 453        "g-e+t"   10   19.138374  21.324816  55.256203
 454        "t-a+a"    9   21.007118  43.403759  22.373470
 455        "t-a+b"    6   12.666626  23.776062  30.377096
 456        "t-a+c"    1    1.986956   1.026617   2.222472
 457        "t-a+d"    5   11.369951  16.066799  10.015531
 458        "t-a+g"    4   10.687873  21.516113  25.757616
 459        "t-a+h"   51   98.674919 107.787994  95.113586
 460        "t-a+j"    5   12.154504  38.550892  25.837708
 461        "t-a+k"   16   38.775742  79.294327  49.610062
 462        "t-a+l"    6   11.168282  15.961485  12.071601
 463        "t-a+m"   32   67.772980 126.145172  81.996468
 464        "t-a+n"   17   34.377052  42.464230  28.336388
 465        "t-a+p"   25   63.882130 122.909859 130.377594
 466        "t-a+r"   25   66.502281 137.188705  75.294395
 467        "t-a+s"   68  122.377441 190.813431 135.451050
 468        "t-a+t"   10   23.553087  61.455170  47.723705
 469        "t-a+u"    5    8.987934   9.080041   7.900404
 470        "t-a+w"    1    2.106205   4.137800   1.049951
 471        "t-a+y"    3    4.911854  10.088107   4.386118
 472        "t-b+e"   10   36.208668  15.734082  10.162605
 473        "t-b+i"    4    7.014799   3.999852   3.999852
 474        "g-i+a"   22   34.283821  31.827496  38.270355
 475        "g-i+b"    2    2.018614  18.118422   7.640500
 476        "g-i+d"    4    9.095569  45.391594  62.946030
 477        "g-i+h"    2    2.000372   2.038933   3.659321
 478        "g-i+k"    2    2.002919  15.074527   4.889721
 479        "g-i+m"    3    5.679124  20.074432  57.010757
 480        "g-i+p"    4    9.004374   9.946437  29.342854
 481        "g-i+t"    8   10.680727  25.352755  30.793049
 482        "g-i+u"    1    1.978327  10.498318   5.379456
 483        "g-i+v"    1    1.037365   2.777209   3.119364
 484        "g-i+y"    5    6.820714  14.244315  10.629153
 485        "t-d+a"    4    7.039811   9.965369   9.208483
 486        "t-d+e"    6   10.307548   7.529005  10.357114
 487        "t-d+i"    4    7.981912   4.999518   4.015498
 488        "t-e+g"    5    8.855556  14.402439  23.044266
 489        "t-e+l"   12   14.048704  19.263411  18.507282
 490        "t-e+n"    6    7.003201  12.217536   9.640275
 491        "t-e+p"    2    2.003405   2.010971   6.698352
 492        "t-e+r"  131  152.394379 183.496552 191.215164
 493        "t-e+t"   14   17.272005  23.229584  30.521603
 494       "d-i+kh"    2    4.705049   6.970984  13.284073
 495       "d-i+ng"    3    4.216193  17.873556   7.295611
 496       "ny-u+r"    8   13.684826  22.409058  14.958146
 497        "g-n+i"    2    1.999216   1.999216   5.387568
 498        "t-i+a"    8   29.586439  21.024853  15.159889
 499        "t-i+b"    8   20.707083  87.171524 109.213875
 500        "t-i+d"   17   41.892956  42.878643  26.372187
 501        "t-i+f"    2    5.844142  10.334823  13.924536
 502        "t-i+g"    1    2.997160   2.571868   2.865500
 503        "t-i+i"    3    6.993464   8.805298   7.227417
 504        "t-i+j"    2    4.468205  11.396820  12.537976
 505        "t-i+k"   19   40.941826  64.840271 140.583755
 506        "t-i+m"    5   13.166078  23.302658  27.219458
 507        "t-i+n"   18  105.853142  75.097786  54.963516
 508        "t-i+p"    2    4.490013  24.980225  15.169940
 509        "t-i+r"    9   23.909744  27.386139  21.435432
 510        "t-i+s"    2    4.480589  10.497684   2.674659
 511        "t-i+t"    2    4.628385  18.831606   7.503177
 512        "t-i+y"    6   12.104156  14.904674  10.186684
 513       "b-a+ng"    6    9.403327  23.280846  13.817846
 514       "b-a+ny"    6   14.271867  21.551468  34.072258
 515        "t-k+a"   28   71.652847  67.991486  53.493568
 516        "t-k+e"    8   16.367479  16.604383   9.315854
 517        "t-k+i"    6   20.009417  14.216208   7.734662
 518        "t-k+l"    2    2.421498   3.948400   4.436898
 519        "t-k+o"    3    7.580903   7.340958   3.055991
 520        "t-k+u"    3   35.127316   4.019661   3.336761
 521       "n-ny+a"   26  116.416351 139.998459 256.954193
 522        "g-r+a"    3    4.990993   3.007536   6.103789
 523        "t-m+a"    1    1.024730   1.973717   3.477059
 524        "t-m+e"   14   17.939625  22.948862  22.474745
 525       "i-kh+a"    2    2.000028   2.001521   5.008588
 526        "t-n+a"    3    2.999762   2.999762   3.999443
 527        "t-o+k"    2    4.952026   3.062124   5.888129
 528        "t-o+m"    1    3.453714   2.543129   1.002016
 529        "t-o+n"    2    2.400070  13.117547  10.479588
 530        "t-o+r"    6   13.986617  29.011942  24.833769
 531        "t-o+s"    3    5.999022  15.918839   4.078659
 532        "g-u+d"   14   32.855370  33.497993  34.682327
 533        "g-u+l"    1    1.000654   9.412647  22.505035
 534        "g-u+n"    7   10.465021   9.976419   7.033527
 535        "g-u+s"    2    2.019396  12.874450   5.252170
 536       "u-t+ny"   12   37.211395  24.452927  18.329632
 537        "t-p+a"   17   40.044193  27.938147  31.797165
 538        "t-p+e"   26   88.389961  39.404278  27.775021
 539        "t-p+r"    3    4.954891   3.999776   3.000656
 540        "t-p+u"    3    7.688115   4.999256   3.000376
 541        "j-a+a"    2    4.298831  17.245655   2.741831
 542        "j-a+d"   22   48.836571  73.241951  58.855679
 543        "j-a+f"    1    3.223163   2.476932   6.300447
 544        "j-a+h"    4   12.504527  10.975649   9.337036
 545        "j-a+k"    2    4.930089  15.299908   5.505105
 546        "j-a+l"   12   28.176546  29.302883  24.993572
 547        "j-a+o"    3    7.120764   9.742438   8.025901
 548        "j-a+p"    4    9.705112   7.470829  14.578986
 549        "j-a+s"   10   27.840189  42.251488  20.198229
 550        "j-a+t"    2    2.882875   2.159953   7.846067
 551        "j-a+w"    5   11.941833   9.316682   8.851638
 552        "j-a+y"    1    1.000092   1.000023   0.999909
 553       "d-a+ng"   20   46.029419  48.986744  35.934486
 554       "d-a+ny"    1    1.089565   1.003635   4.679418
 555        "t-r+a"    9   11.359566  13.168988  15.607918
 556        "t-r+i"    2    1.999637   1.999722   2.029909
 557       "i-sy+o"    2    7.100489   7.806005  10.472021
 558       "i-sy+u"    2    6.646135   7.584603   7.841819
 559       "m-u+ng"    3    6.969385   3.030458   3.000588
 560        "t-s+a"    6   11.791986  24.220922  17.190458
 561        "t-s+e"   11   21.428156  36.901024  26.802004
 562        "t-s+i"    5   16.159334  18.767704  14.045431
 563        "t-s+u"    2    5.159863  14.637080   3.523185
 564       "h-i+ng"    4    9.337048  17.778429  10.901007
 565        "t-t+a"    2    1.999709   2.281162   3.716536
 566        "t-t+e"    3   19.990311   4.997962   3.001007
 567        "t-t+u"    2    2.003768   2.000704   2.001241
 568       "a-n+ny"   21   58.396049  62.638763  43.369144
 569        "j-e+l"   12   12.996636  12.401637  18.949718
 570        "j-e+n"    4    5.695647   4.964550   6.879009
 571        "j-e+r"    4    6.903205   4.125899   9.934746
 572        "t-u+a"    3    6.454409  25.824326  42.271004
 573        "t-u+b"    2    3.596333  14.365561  18.080967
 574        "t-u+d"    2    4.845155  26.713655  39.017841
 575        "t-u+h"    5   11.267992   9.606296   8.700029
 576        "t-u+j"   11   29.084658  24.012300  47.684742
 577        "t-u+k"   47  124.338013 122.526543 197.903595
 578        "t-u+l"    2    3.110679   7.135881   2.016225
 579        "t-u+n"    3    9.020438   5.011234   3.999034
 580        "t-u+p"    5   13.911325  22.840494  31.493628
 581        "t-u+r"    1    1.817173   6.649012   1.165935
 582        "t-u+s"    7   24.275124  28.313997  31.058685
 583        "t-u+t"    4    8.354755  17.539799  31.948898
 584        "t-u+y"    3    5.384918   7.378613   5.165460
 585        "w-a+b"    5    6.254572   5.653145  11.271953
 586        "w-a+c"    1    1.011268   1.001123   2.009356
 587        "w-a+d"    2    2.228261   7.611736   7.839007
 588        "w-a+k"   13   15.172109  13.185312  19.851851
 589        "w-a+l"    2    2.732748   5.752328   2.062274
 590        "w-a+n"   10   20.120283  22.289089  19.278257
 591        "w-a+p"    1    0.999458   0.999469   1.000467
 592        "w-a+s"    1    1.001176   1.054281   3.433390
 593        "w-a+t"    6    8.620109   7.772868  17.285749
 594        "t-w+a"    2   11.980456  12.691859   2.088469
 595        "j-i+k"   11   16.866783  23.332098  46.589993
 596        "t-y+a"    6   21.314064  10.907687  11.479177
 597       "r-ny+a"    9   35.240688  34.392185  21.600296
 598       "j-i+sy"    2    2.032386   2.930692   3.036657
 599       "h-a+ny"    2    4.071545   7.573047  10.384571
 600       "t-ny+a"   12   37.728645  49.132626  38.508377
 601       "l-i+ng"    2    2.065533   2.117499   2.742071
 602          "a+d"    5   21.201643   7.912811   8.880354
 603          "a+k"    2    3.051964   2.001080   2.978353
 604          "a+p"    2    5.139400   2.018054   5.455800
 605          "a+t"    2    2.270517   2.000072   3.731488
 606          "a-b"    2    1.999368   1.999840   3.423926
 607          "a-h"    4   83.897369   7.328496   4.016911
 608          "a-i"    7   14.007133  19.061733  96.145012
 609          "a-k"    4    4.008820   4.006165   5.973713
 610          "a-l"    1    1.001630   1.027080   2.040356
 611          "a-n"   64  310.726990 344.813354 380.438019
 612          "a-r"    6   10.799783   9.032375  18.862066
 613          "a-s"    1    2.870459   2.196387   0.999846
 614          "a-t"    6   15.851954   7.138657  10.256287
 615          "a-u"    2    1.999525   4.356019  13.305055
 616        "j-u+a"   53  159.555588 139.728333  87.157532
 617        "j-u+d"    6   15.565187  14.432680  16.563166
 618        "j-u+g"   12   25.153885  20.706560  27.033934
 619        "j-u+h"    2    2.721095  13.304916  14.339304
 620        "j-u+i"    1    1.000133   0.999973   0.999973
 621        "j-u+k"    6   10.915039  11.413374  18.263685
 622        "j-u+m"   11   17.784008  12.987978  15.245942
 623        "j-u+t"   20   38.404659  28.314548  71.850258
 624          "b+a"   30   96.799271  53.119980  54.928791
 625          "b+e"    7   20.329390  11.649116  10.134429
 626          "b+i"    3   12.154878   4.000952   3.006155
 627          "b+u"    2    4.427196   2.019942   2.000016
 628        "m-a+a"   13   24.554016  45.812000  58.662029
 629        "m-a+b"    1    1.198391   8.430513   3.950329
 630        "m-a+c"    1    2.021024   1.003605   1.960082
 631        "m-a+d"    9   21.852482  57.635437  25.226608
 632        "m-a+f"    1    1.798928  11.557119  33.953777
 633        "m-a+h"    2    2.131696  16.370596   2.455359
 634        "m-a+j"    3    8.984006  15.968354  11.847443
 635        "m-a+k"   49   92.906013 109.322800 149.676056
 636        "m-a+l"    3    6.080083  13.925701   7.398794
 637        "m-a+m"    3    4.976527  35.939503  31.052944
 638        "m-a+n"   16   36.958809  48.961517  25.882740
 639        "m-a+p"    8   18.515457  20.434959  31.430143
 640        "m-a+r"    2    3.278760   7.263078   3.102934
 641        "m-a+s"   56   97.917099 109.124779 129.095703
 642        "m-a+t"   25   53.326138  67.150063 106.074699
 643       "j-a+ng"    7   18.363010  16.645239  16.164335
 644        "m-b+a"   30   42.513901  41.138222  44.612823
 645        "m-b+e"   21   28.416597  24.134346  38.260212
 646        "m-b+i"    1    0.999893   0.999891   0.999891
 647        "m-b+u"    8   21.041100  14.029488  10.187016
 648          "d+a"    3    4.000397   7.999995   6.752976
 649          "d+e"    5   14.900354  13.990580  11.040290
 650          "d+u"    1    3.042099   1.730023   1.982949
 651          "d-a"    3    5.418565  22.601606  30.968792
 652          "d-i"    4    7.899761  40.476936  50.414310
 653       "s-u+ng"    2    3.011759   2.003561   1.999959
 654        "m-c+a"    1    7.941646   2.570093   1.557052
 655          "e+m"    1    1.151271   1.024859   1.002159
 656          "e+n"    1    1.995845   1.000570   1.000400
 657       "n-i+ng"   13   31.634340  40.806625  25.276297
 658          "e-l"    3    8.769618  11.140720  15.354456
 659          "e-n"    8   51.873512  57.115967  34.962349
 660          "e-t"    2    5.155422   1.999823   1.999656
 661          "f+o"    1    3.021657   1.001564   1.001672
 662        "m-e+d"    6   12.241527  17.192739  12.351946
 663        "m-e+l"   21   22.499472  27.109085  36.592205
 664        "m-e+m"   62   73.005440 108.626686 114.872269
 665        "m-e+n"   68  117.692917  88.110222  82.878952
 666        "m-e+r"    7    9.221061   7.608333  21.282026
 667        "m-e+s"   22   28.118580  24.126167  31.595392
 668          "g-i"    2    2.303647   6.335541  32.554718
 669        "m-f+e"    3   71.127129   3.999372   6.020544
 670        "m-f+o"    8   38.171741  34.544559  11.569760
 671       "m-e+ng"   67  117.161446  85.471054  77.543320
 672       "m-e+ny"   13   22.037189  24.225542  51.341484
 673          "h+a"   12   14.210919  16.467272  40.882469
 674          "h-i"    1    1.044459   2.908741   4.784749
 675        "z-a+d"    2    3.329473   8.110635   4.217976
 676          "i+d"    2    6.043373  16.133619   7.414611
 677          "i+y"    2    5.991460   2.336498   2.000010
 678          "i+z"    3   12.041173   7.958676   6.979743
 679          "i-k"    5   20.688799   5.617222   6.895366
 680          "i-l"    1    2.360802   5.409636   5.191849
 681          "i-n"    5   24.560543  28.970264  22.522156
 682          "i-r"    1    4.600323   1.165621   4.183962
 683          "i-t"    2    4.664134   3.893170   2.151110
 684          "j+i"    2   12.910904   4.016247   2.000211
 685          "j-u"    2    2.256865   7.576422  34.885582
 686       "l-a+ng"    2    2.000658   2.098432   3.036646
 687        "m-i+a"    7   26.766302  36.411743  14.965256
 688        "m-i+j"    1    2.010788  22.108959   2.879637
 689        "m-i+k"    5   12.841960  11.827920  18.633867
 690        "m-i+l"   16  130.806183  71.874405  87.543053
 691        "m-i+m"    4    9.669085  25.815279  11.755758
 692        "m-i+n"   15   38.740467  39.688046  22.771446
 693        "m-i+p"   19   39.301662  52.189468  65.317696
 694        "m-i+s"    2    6.227893   1.999998   1.999971
 695        "m-i+t"    2    6.062139   4.097723   8.331855
 696          "k+a"   21   37.981430  50.746517  40.290642
 697          "k+e"    6    8.279089  12.989776   8.023532
 698          "k+i"    6   13.088436  21.132719   6.000000
 699          "k-a"    1    2.956155  22.268885  15.681878
 700          "k-i"    1    1.890937   4.868881   8.185910
 701          "k-u"    1    1.000499   1.226165   5.592306
 702        "m-j+u"    6   21.797152  10.768622  11.001074
 703          "l+a"    5    8.958761  10.805141   7.065065
 704          "l+i"    1    0.999985   0.999985   1.002491
 705          "l-a"    3    5.843197  26.749235  41.250557
 706          "l-i"    1    1.629457   2.724194  12.799260
 707          "l-u"    1    1.011277   8.318354   6.882087
 708        "z-e+t"    8   11.874789  19.881611  25.466869
 709       "i-n+ny"    2    2.421130   4.351934   2.456348
 710        "m-k+e"    3    7.416463   9.991344   3.003391
 711        "m-k+o"    1    1.116902   1.716592   1.089707
 712          "m+a"    6    7.105141   6.817218   8.012424
 713          "m+e"    6    8.574951  13.153028  11.254613
 714          "m+u"    2    2.000179   2.001416   2.685768
 715          "m-a"    1    1.294837   7.106098  24.696854
 716        "m-l+a"   11   26.235991  17.970007  13.099327
 717          "n+a"    3    3.995720   3.016427   5.796069
 718          "n-i"   11   22.908066  36.176018  90.126785
 719          "n-o"    2    2.989711   2.001989   4.158468
 720        "m-m+e"    7   31.848951  16.321444  10.190319
 721          "o+l"    1    2.127291   7.004842   1.003513
 722          "o-n"    2   16.464869  10.902260  22.510649
 723          "p+e"    3    5.998576   4.000000   3.000345
 724          "p+r"    6    8.992550   7.138226   6.284981
 725          "p-a"    7   13.184423  57.351456  67.311203
 726        "z-i+n"    3    6.995031   8.979974   9.381248
 727        "m-o+g"    4    7.429976  12.216427  17.890867
 728        "m-o+h"    3    3.832557   4.999718   3.568783
 729        "m-o+n"    2    2.989851  18.466589   2.021559
 730        "m-o+s"   12   20.971703  24.562954  22.184345
 731       "n-a+kh"    4   13.766052  12.232277   5.679242
 732       "n-a+ng"    2    4.690512   5.303106   2.376688
 733       "n-a+ny"    3   11.433063  17.555235  20.027777
 734        "m-p+a"   34   69.424622  61.091698  61.179214
 735        "m-p+e"    4   11.448446   8.000388  15.401450
 736        "m-p+i"    7   15.604869  10.871010   8.774136
 737        "m-p+r"    7   12.111485   7.994329  10.070702
 738        "m-p+u"    8   24.835278  15.757759  12.253381
 739          "r+a"    5    7.445962   6.660007  15.712671
 740          "r-s"    1    1.004024   1.004108   0.999951
 741        "c-a+k"    5    8.998525   8.244537  24.825886
 742        "c-a+m"    1    1.237737   1.015064   2.917020
 743        "c-a+n"   13   19.244467  31.294678  25.121536
 744        "c-a+p"    7   12.135384  20.699362  36.213276
 745        "c-a+r"   30   54.546936 121.354118  97.092117
 746       "r-i+ng"    2    5.250524   9.595644   3.060467
 747          "s+a"   23   48.540440  55.648689  79.853958
 748          "s+e"   38  104.878471  82.107758 102.018082
 749          "s-a"    7   15.451736  41.128307  49.316097
 750          "s-i"   12   30.965290  86.644905 153.202209
 751        "m-r+a"    3    4.027710   3.979200   5.990975
 752          "t+a"    1    1.000011   2.000513   1.997963
 753          "t+e"   28   37.759521  41.319965  36.530758
 754          "t+i"    9   16.003008  13.959750  12.122022
 755          "t+u"    1    1.190209   3.170948   1.321292
 756          "t-a"    9   20.486418  43.682945 101.905869
 757          "t-i"    1    1.998338   8.214882   9.296688
 758          "t-u"    8   23.537001  35.736450  97.497993
 759        "m-s+e"    4   12.483311  22.439762   5.914358
 760          "sil"  562  12620.349609 1070.050903 5324.662598
 761          "u+n"    2    2.019145   2.003477   2.000758
 762          "u-a"    4    7.872859   9.322973  24.466515
 763          "u-k"    3    8.620106   4.941424   2.999141
 764          "u-n"    2    2.000558  10.642071   6.138605
 765          "u-p"    4    8.291328   4.448532  10.843712
 766          "u-s"    2    5.030536  38.534382   2.031229
 767        "c-e+n"    2    2.012871   3.472755   2.260839
 768        "c-e+p"    1    0.999821   1.000041   5.427570
 769        "m-u+a"   20   29.048866  35.161331  25.307222
 770        "m-u+d"    3    5.366761   5.997889   7.831728
 771        "m-u+l"    5    8.573070   7.415105   6.440799
 772        "m-u+n"    5   10.393142  23.675554  36.317909
 773       "u-m+ny"   18   93.223221  36.676689  32.979115
 774        "p-a+a"    3    4.921458  10.886602   7.356109
 775        "p-a+c"    2    4.623808   2.044426   6.053091
 776        "p-a+d"   54  118.612434 160.594757 155.120682
 777        "p-a+f"    2    2.019343   2.338500   4.640937
 778        "p-a+g"    8   17.052956  28.342417  31.982027
 779        "p-a+h"    2    2.905905   3.176693   2.025545
 780        "p-a+i"   25   46.579136  56.372551  58.578510
 781        "p-a+k"   59  103.895653 187.854248 158.474167
 782        "p-a+l"    5   10.007403  14.011391   8.077595
 783        "p-a+m"    4    7.033682  28.890511  14.048770
 784        "p-a+n"    9   20.449245  22.591894  13.698104
 785        "p-a+r"   12   21.705341  40.439007  25.050276
 786        "p-a+s"    8   13.526837  30.374758  22.954859
 787        "p-a+t"   71  129.290298 226.004562 306.495697
 788        "p-a+u"    3    4.907527   7.994716   3.445591
 789        "p-a+y"    3    6.999219   4.001775   6.574270
 790       "p-a+ng"    3    5.999644   8.032914   7.955057
 791        "p-b+e"    4    9.199939   3.999278   4.006089
 792          "y+a"   16   64.307793  31.952335  28.119047
 793          "y-a"    3    4.603491   6.046252  23.396532
 794          "y-o"    5   11.204038  21.896517  30.592239
 795       "t-i+ng"   16   38.921234  38.708988  29.377247
 796       "t-i+ny"    3    6.540807   7.449744  14.001134
 797       "t-i+sy"    2    8.072901   4.080629   2.915118
 798        "p-d+a"    5   13.146473   8.997814   9.999968
 799        "p-d+i"    2    1.999735   1.999735   1.999735
 800        "m-z+e"    8   46.197765  18.782722  13.007868
 801        "p-e+d"    2    3.009255   8.929965   4.790046
 802        "p-e+k"    2    1.999799   2.000140   3.500385
 803        "p-e+m"   16   18.463215  21.445444  30.898211
 804        "p-e+n"   96  109.270340 117.083160 109.610703
 805        "p-e+r"  105  113.843430 128.052292 163.091751
 806        "p-e+s"    6    6.001729   5.998896   7.006152
 807       "r-a+kh"   13   31.382854  45.708122  28.454962
 808       "r-a+ng"   19   51.543686  64.497566  31.826736
 809       "r-a+ny"    2    2.120880  16.437649  17.379877
 810        "p-i+b"    1    1.164488  14.735735   4.463547
 811        "p-i+d"    3   10.999336  51.622547  11.377308
 812        "p-i+h"    3    8.088767   8.901098   8.670753
 813        "p-i+l"    6   16.203463  41.359001  24.454971
 814        "p-i+m"    3    8.073227   6.848748  10.070574
 815        "p-i+n"    3    9.967735   6.999027   4.994147
 816        "p-i+p"    3    6.872378  30.118698  25.820866
 817        "p-i+t"    5   15.295025  34.815758  20.896927
 818        "c-o+b"    1    1.000072   0.999953   1.004096
 819        "p-k+a"    2    3.995561   3.027630   3.974175
 820        "p-l+a"    7    9.700216   9.983989   9.440050
 821        "p-l+i"    2    2.032409   1.999592   1.999810
 822        "p-m+a"    1    1.002477   1.070383   2.661830
 823        "p-m+e"    5    8.966983   5.063345   5.436370
 824        "p-o+p"    2    3.689791   6.361627   5.381011
 825        "p-o+r"   10   17.705343  30.926968  23.161530
 826        "p-o+s"    6   12.503849   9.978833   6.328750
 827        "p-o+t"    9   16.618713  15.898102  29.329739
 828       "t-a+ng"    2    4.144079   8.383686   3.234013
 829       "t-a+ny"    3    6.005073   6.007720  16.415148
 830        "c-u+k"   12   17.953070  15.878263  30.446245
 831        "f-a+k"    4    6.960756   7.233565  13.836514
 832        "p-r+a"    2    2.000371   2.637844   2.329855
 833        "p-r+o"  127  146.167297 169.931335 158.075775
 834        "p-s+a"    1    1.014112   4.155183   2.985597
 835        "p-s+i"    2    3.882241  10.547288   4.908505
 836       "a-ng+a"   28   48.428574 117.338799  63.611389
 837       "a-ng+b"   27  114.845978 157.546722  57.951244
 838       "a-ng+c"    6   16.701166  31.820362  19.879688
 839       "a-ng+d"   20   44.181610  48.301079  67.892349
 840       "a-ng+e"    2    3.095409   5.002016   3.167539
 841       "a-ng+g"    2    6.745282   2.697381   2.003655
 842       "a-ng+h"    5    9.499083  19.436092   9.489144
 843       "a-ng+i"   16   35.538532  34.051804  41.224957
 844       "a-ng+k"   28   72.429680  75.340416  46.448669
 845       "a-ng+l"    6   11.242888  16.739597   6.193398
 846       "a-ng+m"   27   99.858078  73.581734  37.900486
 847       "a-ng+p"   12   43.440186  40.574947  18.073790
 848       "a-ng+s"   41   98.597565 104.863113  83.375687
 849       "a-ng+t"   20   46.413197  82.657791  41.468121
 850       "a-ng+y"    8   15.055277  27.967337  16.249950
 851        "f-e+i"    3    5.977320   2.999467   2.999467
 852        "f-e+k"    2    4.362554   9.998334   9.526123
 853        "p-u+j"    2    4.120162   2.019040   5.072504
 854        "p-u+l"   29   48.066853  78.822540  45.569572
 855        "p-u+n"   10   21.155001  24.208799  21.093637
 856        "p-u+t"    2    4.938748   4.411834   5.326413
 857        "s-a+a"   10   28.196640  52.398613  24.475290
 858        "s-a+b"    2    5.098142   9.209882   8.095515
 859        "s-a+d"    9   22.718815  91.628922  32.320675
 860        "s-a+h"   38   77.362373 106.493324  48.556999
 861        "s-a+i"   12   36.697823  55.655209  33.249294
 862        "s-a+j"    8   24.921955  26.118784  36.089863
 863        "s-a+k"    3    5.006965  12.992380   9.846922
 864        "s-a+l"   30   61.905849  90.903130  57.205128
 865        "s-a+m"   34   76.881599 108.555870  67.727722
 866        "s-a+n"   17   37.758274  37.086174  25.393652
 867        "s-a+r"   49  126.055977 208.840378 180.319626
 868        "s-a+s"    6   13.117607  16.098608  12.256599
 869        "s-a+t"   11   26.678192  15.915698  33.211029
 870        "s-a+y"   68  153.715347 160.117920 135.698013
 871        "s-b+u"    3    8.977518   4.999154   5.519310
 872        "f-i+k"    2    5.284192   2.076463   4.636368
 873      "ng-i+ng"   12   21.917576  46.724514  16.260517
 874        "s-d+a"    8   13.210126  20.231966  20.593912
 875        "s-d+e"    2    2.001265   2.031996   2.038426
 876        "s-d+i"    4    5.126311   4.999730   6.089825
 877        "s-e+b"   75  113.587479 115.177872 191.323242
 878        "s-e+c"    5    5.120687   6.152435   9.686813
 879        "s-e+d"   22   37.314045  34.545929  44.816238
 880        "s-e+g"   17   27.210909  27.653070  44.073669
 881        "s-e+h"    7   10.392336  11.823756  10.976665
 882        "s-e+j"    8    9.254690  10.301098  16.711767
 883        "s-e+k"   15   19.107273  17.700546  30.834629
 884        "s-e+l"   41   47.471725  43.373058  44.657906
 885        "s-e+m"   50   67.238617  60.141060  88.200485
 886        "s-e+n"   20   37.156204  49.507381  83.740654
 887        "s-e+p"   28   40.559261  36.247192  56.426483
 888        "s-e+r"   23   35.923904  47.062305  55.815456
 889        "s-e+s"   13   19.205179  31.539911  18.352346
 890        "s-e+t"   25   35.786552  33.638222  46.046692
 891        "f-k+a"    3    6.001608   7.997368   7.039443
 892        "s-f+a"    1    1.000002   0.999997   1.000317
 893         "ny-a"   41   69.307442  68.709686 136.629547
 894        "s-i+a"   18   82.107658  96.788292  78.911285
 895        "s-i+b"    2    4.181082  14.162859   8.210346
 896        "s-i+d"   11   28.552069  71.480263  94.110161
 897        "s-i+e"    1    2.009982  15.183325   1.779260
 898        "s-i+g"    4   10.025899   9.473490  21.117104
 899        "s-i+h"   45  105.066345 127.710373  76.059631
 900        "s-i+i"    1    2.000734   1.457260   1.000140
 901        "s-i+k"    6   13.710561  10.062743  17.692144
 902        "s-i+l"   14   28.085560  21.012514  23.984987
 903        "s-i+m"   10   26.573803  63.409969  77.498741
 904        "s-i+n"   19   42.666969  38.992016  48.281696
 905        "s-i+p"   12   33.687401 116.157600 106.844315
 906        "s-i+s"   10   20.658930  37.529316  19.934113
 907        "s-i+t"    7   18.302084  41.310295  65.860329
 908        "s-i+u"    2    4.717914   8.269209   6.959695
 909        "s-i+y"   10   22.357195  46.291164  42.286224
 910        "f-o+k"   11   18.108122  27.237352  45.621498
 911        "s-j+a"    1    6.356428   1.961629   1.999702
 912       "u-n+ny"    3    8.077271   6.922593   5.013745
 913        "f-p+a"    3   10.999221   4.999756   6.999754
 914        "s-k+a"    8   16.843781  17.951145  16.987066
 915        "s-k+e"    6   14.705835   8.991178   6.082123
 916        "s-k+i"    5   15.262361  14.574169   6.184324
 917        "s-k+o"    9   21.054102  22.838631  11.493540
 918        "s-k+u"    1    3.161550   2.697838   2.145331
 919        "s-l+e"    3    4.497270   2.999780   3.000268
 920       "e-ng+a"   95  168.478271 276.596741 182.021088
 921       "e-ng+e"    6    7.800220  12.795042   8.548682
 922       "e-ng+g"    7   14.088072  15.546336  16.369123
 923       "e-ng+h"    7   20.894108  18.211994   9.058556
 924       "e-ng+i"    5   10.204470  18.660189  11.630925
 925       "e-ng+u"    6   23.267353  33.918617  11.986518
 926        "s-m+e"    2    4.114613   3.517946   3.347347
 927        "s-m+u"    2    2.853792   6.183288   2.089490
 928        "f-s+a"    3   11.125007  14.898113  10.033458
 929        "s-o+n"   10   20.955727  38.985920 101.164093
 930        "s-o+s"    6   10.709898  11.198367   8.010184
 931        "f-u+n"    2    3.972271   3.499332   3.101900
 932      "ng-a+kh"    2    2.047567   5.319476   2.372421
 933        "s-p+a"    6   21.513805  13.008625  15.730639
 934        "s-p+e"   12   24.537846  16.797649  12.802905
 935        "s-p+r"   16   65.539619  23.665222  20.879946
 936       "a-ny+a"   26  115.534142 108.688698 188.437668
 937        "i-a+a"    2    2.387874   6.303476  10.423532
 938        "i-a+d"   15   39.899410 103.417786 238.270737
 939        "i-a+g"    3    7.971659   8.015474  11.992167
 940        "i-a+k"    9   21.567659  32.902126  23.219835
 941        "i-a+l"    6   21.242981  51.655956  41.057343
 942        "i-a+n"   32   49.762821  61.996952  50.406208
 943        "i-a+p"   12   33.749550  46.523602  52.436928
 944        "i-a+r"    3    9.554732  16.810667   8.143957
 945        "i-a+s"    6    9.084713   6.075987  10.003242
 946        "i-a+t"    2    2.090339   3.111534   8.091185
 947        "i-a+u"    1    1.999838   0.999978   0.999914
 948        "i-b+a"   32  100.857956  52.153702  50.290474
 949        "i-b+e"   20   62.627964  32.522152  25.955229
 950        "i-b+i"   15   39.522820  16.977665  15.912551
 951        "i-b+u"   32  106.943840  40.611370  35.274021
 952        "i-c+a"    8   44.332481  22.994116  17.473419
 953        "s-s+a"    3    3.004309   4.007411   9.935926
 954        "s-s+e"    6   29.919991  12.946497  11.984140
 955        "i-d+a"   42   86.690292  78.796814  99.123070
 956        "i-d+e"   10   34.720428  16.137217  31.432741
 957        "i-d+i"   12   23.080715  13.617218  13.420655
 958        "i-d+u"    7   24.001192   9.758538   8.753006
 959        "s-t+a"    7   18.083752  19.963478  14.468271
 960        "s-t+e"    1    4.141055   3.120091   1.580446
 961        "s-t+i"    8   23.733913  20.290283   9.069797
 962        "s-t+r"   11   22.250172  16.541658  17.262325
 963        "i-e+k"    1    0.999800   0.999803   1.003271
 964        "i-e+n"    2    1.999394   2.016036   2.007935
 965        "s-u+a"    7   21.360361  27.608877  16.793224
 966        "s-u+d"   35   59.475712  51.088139  58.219120
 967        "s-u+k"    1    2.671277   1.250898   4.534065
 968        "s-u+l"    1    1.991704   1.304514   1.000393
 969        "s-u+m"    2    3.270658   3.858756  13.039459
 970        "s-u+n"    1    1.092278   8.876683   1.053041
 971        "s-u+p"    4   10.388656   4.053419  25.796267
 972        "s-u+s"    1    1.238288   3.225324   1.048157
 973        "i-f+i"    2    8.416121   1.999241   2.133498
 974        "i-f+u"    2   10.924591   6.355711   2.174513
 975        "v-a+b"    8   18.758450  35.861290  54.569862
 976        "i-g+a"    1    2.779882   2.729327   2.295910
 977        "i-g+n"    2    2.014422   1.999216   1.999216
 978        "i-g+u"    4    8.598822   7.334283   6.484009
 979        "s-w+a"    7   23.178907  32.864616  15.026241
 980        "i-h+a"   39   64.553818  55.089756  51.320568
 981        "i-h+b"    9   18.194841   9.250224  10.900399
 982        "i-h+c"    1    0.999827   0.999834   1.000243
 983        "i-h+d"    2    1.999808   2.061211   2.050769
 984        "i-h+e"    2    1.999873   2.000073   2.002016
 985        "i-h+l"    3    3.997768   3.001922   2.999767
 986        "i-h+m"    8   10.929556   9.829943  12.897021
 987        "i-h+p"    8   12.251166   8.709856   9.161734
 988        "i-h+s"    4    9.066860   5.741290   6.175148
 989        "i-h+t"   14   20.697231  18.865652  18.888725
 990        "i-h+u"    1    0.999920   0.999920   0.999920
 991        "i-i+k"    2    2.001807   9.590085   4.339744
 992        "i-i+n"   17   63.811295 107.305130  65.746773
 993        "s-y+a"    9   21.074490  12.481449  14.772243
 994        "i-j+a"    2    7.060875   5.913426   3.938761
 995        "i-j+u"    3   11.127767   5.999755   7.999658
 996       "i-ng+a"    5    6.980193   6.515569  14.448178
 997       "i-ng+b"    2    2.002384   6.742332   2.015085
 998       "i-ng+d"    5    9.071130  14.325497  45.990814
 999       "i-ng+g"    4    9.109833   8.978707   3.998357
1000       "i-ng+i"   16   25.306438  26.505177  26.014698
1001       "i-ng+k"   29   65.738983  47.908009  46.961704
1002       "i-ng+m"    8   14.158168  15.007225  12.592660
1003       "i-ng+s"    3    4.018713   3.999156   3.999734
1004       "i-ng+u"    2    9.553362   4.514569   8.138447
1005       "i-ng+y"    1    0.999770   1.003401   2.034052
1006        "v-e+r"    1    1.929300   1.945551   4.367410
1007        "i-k+a"   73  227.958389 206.101593 142.737030
1008        "i-k+b"    3   37.513424   5.213679   4.021557
1009        "i-k+d"    5   14.321528   8.854197   6.020617
1010        "i-k+e"   13   28.708073  34.732719  16.089638
1011        "i-k+i"   28   95.477829  88.275970  42.132561
1012        "i-k+l"   16   42.274803  35.658947  27.654652
1013        "i-k+m"    5   21.107037   6.415326   6.915159
1014        "i-k+o"    4   29.095959  13.575157   4.463264
1015        "i-k+p"    2    2.010200   1.999966   1.999961
1016        "i-k+s"    1    1.000108   0.999981   0.999981
1017        "i-k+t"    4    7.693060   4.032201   4.763051
1018        "i-k+u"    4   20.912857   8.179489   5.873297
1019        "i-k+y"    2    8.630373   3.813826   2.005725
1020        "i-l+a"   36   84.596199  68.552971  76.063828
1021        "i-l+e"    1    3.132569   1.871814   1.002356
1022        "i-l+i"   26   49.451286  47.811569 246.429825
1023        "i-l+m"    1    1.001411   1.012541  42.149609
1024        "i-l+p"    3   10.771647   5.360424   5.461316
1025        "i-l+r"    2    4.195316   5.748735   2.879459
1026        "i-m+a"   74  185.160843 138.735214 163.430313
1027        "i-m+b"    3   12.385523   3.915422   3.000015
1028        "i-m+e"   35  117.850426  52.472527  50.122509
1029        "i-m+i"    7   18.025078   9.042054  13.431773
1030        "i-m+p"    5   20.700924   6.880309   5.118900
1031        "i-m+u"    3   10.009117  12.649303   5.988264
1032        "i-n+a"   12   12.367197  19.754658  26.734743
1033        "i-n+b"    3    6.627964  11.012253   4.003179
1034        "i-n+d"    7   16.473398  12.476937   9.090258
1035        "i-n+e"    4    8.045774   7.746539   6.210692
1036        "i-n+h"    2    2.008986   2.828157   4.262346
1037        "i-n+i"   68   87.954712 200.560608 460.973114
1038        "i-n+k"    4   12.941204  16.202038   4.920520
1039        "i-n+l"    2    2.801651  13.084703   1.999889
1040        "i-n+m"   22   45.601398  58.018330 105.195068
1041        "i-n+p"    8   12.944456  25.467611  16.472792
1042        "i-n+s"   27   43.075077  50.808891  43.651600
1043        "i-n+t"    6    8.874190  12.215805   8.624397
1044        "i-n+u"    2    2.024136   2.034819   2.065315
1045        "i-n+y"    3    5.878173   3.216484   6.897614
1046       "e-ny+a"    4   11.651753  11.122583   5.849348
1047       "e-ny+e"   14   51.394684  29.683722 152.925232
1048        "v-i+s"   24   37.147884  53.114124  54.082329
1049       "b-u+ng"    3    6.350601   7.588376   3.999991
1050        "i-p+a"   19   76.849922  46.657318  40.602589
1051        "i-p+e"   37  140.529434  69.225197  50.198742
1052        "i-p+i"    5   11.656092   7.346592   5.011561
1053        "i-p+o"    1    1.429003   3.823583   1.004997
1054        "i-p+r"   19   63.904175  34.423374  24.443790
1055        "i-p+u"    2    2.231609   5.995294   3.542092
1056        "i-r+a"   15   40.222939  23.476692  23.897175
1057        "i-r+d"    5   33.739311   8.112322   6.470265
1058        "i-r+i"    6    9.559003   7.198288  10.401342
1059        "i-r+k"    3    6.061923   4.234368   6.874159
1060        "i-r+p"    2    2.041537   2.000674   2.093556
1061        "i-r+t"    5   11.733723   5.849550   7.675976
1062        "i-r+u"    2    2.026920   2.001607   2.085929
1063        "i-s+a"   34   88.965538 141.184433 103.800987
1064        "i-s+b"    3    9.976878  34.986168   7.950767
1065        "i-s+d"   10  146.810577  74.365120  23.219252
1066        "i-s+e"   26   82.057610 129.476456  59.425152
1067        "i-s+i"   23   90.698273 120.722328  50.089539
1068        "i-s+k"   10   23.416613  50.586491  20.577227
1069        "i-s+m"    2    2.989929  10.982232  10.017341
1070        "i-s+o"    2    3.463999   7.919622   4.543862
1071        "i-s+p"    3    5.720923   8.497171   5.036755
1072        "i-s+s"    3    7.973786   5.999625   3.974330
1073        "i-s+t"   17   65.055748  74.025887  31.774082
1074        "i-s+u"    9   25.397806  43.486343  19.866697
1075        "i-s+y"    3   25.582531  40.383278   9.914450
1076        "i-t+a"  125  329.747986 318.419312 230.013626
1077        "i-t+d"    6   59.898365  10.437226  10.945840
1078        "i-t+e"   11   41.608948  23.699345  18.091597
1079        "i-t+i"   11   28.994692  21.710640  18.963295
1080        "i-t+k"    4   12.999557   7.913481   5.084913
1081        "i-t+m"    3    8.961765   4.029264   4.017095
1082        "i-t+u"   24   88.937225  52.458347  43.067677
1083        "i-u+n"    4   11.215090   6.977867   5.160220
1084        "i-v+i"   12   52.071320  26.539238  75.399879
1085        "l-a+a"    3    4.856885  18.033672  15.204143
1086        "l-a+d"    3    5.408349   7.594553   9.325616
1087        "l-a+g"    7   15.227571  22.763863  32.293919
1088        "l-a+h"   83  125.408531 314.303253 201.469406
1089        "l-a+i"   32   44.679058  96.224991  66.740906
1090        "l-a+k"   34   51.393406  95.277000 110.037865
1091        "l-a+l"   10   12.992801  41.131039  23.877163
1092        "l-a+m"   61   85.071114 127.604416 124.729668
1093        "l-a+n"   80  119.113625 197.334793 148.104538
1094        "l-a+p"   14   24.313536  49.011669  67.752747
1095        "l-a+s"   16   21.236679  44.376816  42.564121
1096        "l-a+t"    3   10.682350   5.999316  14.829833
1097        "l-a+u"    9   12.322872  20.870897  10.705619
1098        "l-a+y"    7   13.559689  21.421137  16.057981
1099        "l-a+z"    2    5.301290   5.633562   4.384802
1100       "ng-a+d"    1    3.888287   1.024969   1.984346
1101       "ng-a+j"    5   14.244127  21.434389  25.049883
1102       "ng-a+k"    1    0.999912   1.006016   2.044137
1103       "ng-a+l"   20   42.342827  70.736977  43.204834
1104       "ng-a+n"   78  173.165863 215.032364 126.670815
1105       "ng-a+p"    4    7.007003   8.998702  22.589195
1106       "ng-a+r"    5   13.320364  23.245789   9.365831
1107       "ng-a+t"   26   65.638962  86.772079  89.689011
1108       "ng-b+a"   14   30.539150  22.510256  22.407625
1109       "ng-b+e"   13   24.536472  22.464445  15.063873
1110       "ng-b+i"    2    2.003708   1.999943   2.006318
1111         "i-ng"    7   23.076782  17.497782  26.451727
1112        "i-y+a"   27   73.488342  52.626190  58.994995
1113       "ng-c+u"    6   21.600357  12.017644   6.022104
1114        "i-z+i"    3   13.019398   6.000748   2.999985
1115       "ng-d+a"    6    9.903570   9.488853  11.509574
1116        "l-e+b"   32   50.189262  66.431046 111.507683
1117       "ng-d+e"    4    7.104282   5.005373   6.163169
1118       "ng-d+i"   15   21.655787  15.609391  19.230965
1119        "l-e+h"    8    9.024449  16.233931  20.890316
1120        "l-e+r"    2    1.999996   2.094069   2.004313
1121       "ng-e+f"    2    2.152389   8.872223   5.650851
1122       "ng-e+t"    6    8.319862  10.221395  16.970654
1123        "y-a+a"   13   28.409174  34.418373  24.482735
1124        "y-a+b"    2    2.090616   2.307341   6.589046
1125        "y-a+c"    2    1.999974   1.999972   2.012288
1126        "y-a+h"    6    8.351392   9.342689   9.484594
1127        "y-a+i"    9   18.394808  24.984833  18.784132
1128        "y-a+k"    5    7.918778  12.946698  20.660034
1129        "y-a+m"    3    5.391969   9.591098   8.039599
1130        "y-a+p"    7   11.330880  10.312384  24.226894
1131        "y-a+r"   12   19.849752  27.423050  19.262506
1132        "y-a+s"    9   12.087835  16.112980  17.928408
1133        "y-a+t"    1    1.000060   1.016068   2.068018
1134        "y-a+u"    1    1.001561   0.999937   0.999887
1135        "y-a+w"   10   15.243227  14.575160  14.998296
1136        "y-a+y"    5   10.230163   8.252531   9.775125
1137       "i-ny+a"   10   37.920452  52.366222 120.808220
1138       "i-ny+u"    8   32.499844  24.890076  16.707348
1139       "ng-g+a"    4    3.998301   7.999023  10.309492
1140        "l-h+a"    2    9.167006   3.361921   4.077381
1141       "ng-g+u"   10   17.583719  12.839458  12.941760
1142       "a-i+ng"   18   38.348434  90.890045  39.675144
1143       "a-i+ny"    7   13.963635  29.385134  34.359562
1144       "ng-h+a"    5   10.464427   9.456577  10.054429
1145        "l-i+a"    6   18.470972  39.122276  16.699520
1146        "l-i+b"    4   17.589239  18.331507  24.354763
1147       "ng-h+e"    4    6.348833   8.878861  11.874341
1148        "l-i+d"    4   19.512074  36.371742  79.537987
1149        "l-i+e"    2    2.909664  12.588145   3.164658
1150        "l-i+h"    4    9.009007  20.933697  22.920918
1151        "l-i+i"    3   10.041680  15.129864  13.808527
1152        "l-i+k"   18   25.936438  40.071640  57.941715
1153        "l-i+m"   16   31.955227  52.599625  42.788918
1154        "l-i+n"    6   15.576902  26.845379   9.552728
1155        "l-i+p"    3    7.381055   7.958666  13.645503
1156       "ng-h+u"    3    5.065487   5.901971   3.576396
1157        "l-i+s"    8   15.516464  33.867661  18.467945
1158        "l-i+t"   17   27.092302  57.416233  56.536594
1159        "l-i+y"    2    5.140797  13.397563   2.139549
1160       "ng-i+d"    2    3.844744  25.700272  11.016609
1161       "ng-i+j"    2    3.453204  13.807632  10.634152
1162       "ng-i+n"   19   59.580692  91.599220  50.924282
1163       "ng-i+p"    5   12.384871  35.676052  17.522135
1164       "o-ng+a"    9   20.046583  20.528561  26.253265
1165        "y-e+n"    1    0.999690   0.999729   1.045453
1166        "y-e+r"    4    4.043712   4.010311  26.464125
1167       "ng-j+a"    2    5.469826   4.929194   6.019761
1168        "l-k+a"    2   11.180895   5.816130   3.961343
1169        "l-k+e"    5   15.639931  14.833303   7.876065
1170       "ng-k+a"   43   77.805489 102.216530  73.827118
1171        "l-l+a"    2    5.054949   2.703737   2.137377
1172       "ng-k+e"    4    6.642393   6.956120   6.774135
1173       "ng-k+i"   12   24.916851  30.607012  13.440166
1174       "ng-k+u"    1    1.332774   2.972821   1.000066
1175       "ng-l+a"    3    4.999902   4.987811   3.408032
1176       "ng-l+e"    4    6.958864   4.000520   4.006736
1177        "l-m+e"    3    6.103024   3.999043   3.998869
1178        "l-m+u"    1    4.922105   1.102111   1.000840
1179       "ng-m+a"   12   23.083300  21.585329  24.008696
1180       "ng-m+e"   21   34.923985  27.474003  25.202282
1181       "ng-m+o"    2    2.074374   3.151533   3.660272
1182       "ng-m+u"    2    4.217744   2.873976   4.453475
1183       "k-ny+a"    4   11.065488  12.452753  10.556131
1184       "h-u+ng"    1    2.068308   4.115300   1.375020
1185         "a-ng"    5   29.667717  24.309359  18.613224
1186        "l-p+a"    3   13.776088   6.259963   6.739408
1187        "l-p+e"    3    7.030955   3.999531   3.005057
1188        "l-p+r"    4   18.948383   5.121860   6.920844
1189        "b-a+b"    8   16.348352  20.259092  44.452885
1190        "b-a+c"    5    9.012418   8.647455  20.181099
1191        "b-a+g"   51   85.805428 125.476952 145.930435
1192        "b-a+h"   23   34.687019  48.994743  43.090511
1193        "b-a+i"   39   79.171211  88.396622  74.496490
1194        "b-a+l"    6   12.361497  22.333677  11.836918
1195        "b-a+n"    6   12.505339  17.886057  17.710724
1196        "b-a+p"   41   83.157661 125.595787 177.804550
1197        "b-a+r"    6   18.881943  26.303110  12.720136
1198       "ng-p+a"    2    2.015599   4.984874   3.999055
1199       "ng-p+e"   10   36.345112  20.854317  16.341948
1200        "l-r+a"    2    4.121600   2.666847   2.829133
1201        "l-s+a"    3   13.838066  10.949639   8.596909
1202        "l-s+e"    6   43.882721  19.188292  12.949620
1203        "b-d+a"    1    1.003118   1.422454   2.284070
1204       "ng-s+a"   14   45.075687  46.876884  48.080959
1205       "ng-s+e"   11   40.253540  43.252064  20.313240
1206        "l-t+e"   15   33.068443  23.204762  19.543360
1207       "ng-s+u"   24   95.799927 137.163300  56.057674
1208       "a-a+kh"    2    4.024650  10.805934   2.242703
1209        "b-e+b"   10   13.336852  14.758433  29.906389
1210        "b-e+g"    8    9.045668   9.954734  11.101633
1211        "y-o+l"    2    2.005072   2.842327   2.398228
1212        "b-e+k"    2    2.000239   2.113495   7.919590
1213        "b-e+l"   32   34.416103  34.655560  42.508430
1214        "b-e+n"   11   13.703933  12.550012  18.714367
1215        "y-o+s"    3    6.019711  18.733404  11.263275
1216        "b-e+r"   84   86.727051  98.058365 134.883484
1217        "b-e+s"   19   19.942705  22.965576  25.148567
1218       "ng-t+a"    1    1.233241   2.329992   1.977049
1219        "l-u+a"    1    2.244617   1.755372   0.999935
1220        "l-u+b"    3    6.981911   8.011856   7.036007
1221       "ng-t+e"   16   42.735867  34.205544  19.543900
1222        "l-u+d"    3    5.999706  12.999218   3.899282
1223       "ng-t+i"    3    4.999343   6.601395   4.450888
1224        "l-u+h"   36   85.796257  82.393959  41.895329
1225        "l-u+i"    2    2.305556   3.362443   3.661562
1226        "l-u+m"   26   37.093365  43.396954  46.816479
1227        "l-u+s"    3   10.910412  16.563587  25.048019
1228       "m-ny+a"   18   70.396210  65.121582 176.980759
1229        "l-v+e"    1    7.989691   1.996688   0.999924
1230       "ng-u+r"    6   14.448545  13.995871   9.068644
1231       "ng-u+t"    2    3.710572   5.321600  12.446933
1232        "o-b+a"    1    2.147659   1.831109   1.021959
1233        "b-i+a"    5   11.634547  15.489264  10.122209
1234        "b-i+c"    5    8.046227  13.993286  20.068972
1235        "b-i+h"   32   61.305676  80.868759  70.058159
1236        "b-i+l"   12   23.137432  36.303146  42.097740
1237        "b-i+s"   19   44.843029  22.745556  21.208147
1238        "l-y+a"    2   12.920884   3.671262  10.932609
1239       "d-e+ng"   55   60.982033  71.762001  83.761971
1240        "o-d+u"  100  316.562164 132.730576 129.173218
1241       "ng-y+a"    9   28.008186  26.114679  19.105951
1242        "b-k+a"    3   15.482157  13.084984   7.420285
1243       "a-r+ny"    4    6.002590   5.985641  16.334753
1244        "o-g+a"    4   12.381797   9.009176  10.037925
1245        "o-h+o"    3    8.392946   8.027526   6.066488
1246        "b-o+l"    3    7.003689   7.075904   6.864596
1247       "u-ng+a"    5    5.617786   9.945201  14.489440
1248       "u-ng+g"    1    1.070250  10.736544   4.709536
1249       "u-ng+i"    3    3.013728   5.074453   5.902356
1250       "u-ng+j"    2    7.726753   7.457666   2.150429
1251       "u-ng+k"    3    6.045795   9.952382   6.891653
1252       "u-ng+l"    1    1.000026   1.287733   3.702622
1253       "u-ng+m"    2    9.016521   7.706437   2.000239
1254       "u-ng+s"    5   11.995794  15.996111   7.840767
1255       "sy-o+p"    2    5.698972   6.175447  10.948721
1256        "b-p+e"    1    0.999885   1.004583   1.431995
1257        "o-k+o"    2    4.913054   4.601352   2.119785
1258        "o-k+u"   11   33.276321  19.658484  13.228317
1259        "o-l+a"    2    2.063397   2.037848  45.882309
1260        "o-l+e"   10   21.805622  16.609749  18.437580
1261        "o-m+e"    3   13.312750   7.682962   9.618279
1262        "o-m+o"   12   49.773998  34.463081  25.742682
1263        "o-m+z"    8   21.305498  13.271000  15.559669
1264        "o-n+a"    2    3.958733   2.927208   3.912565
1265        "o-n+d"   11   25.037445  25.940315  11.799582
1266        "o-n+l"    8   19.646618  38.559868  13.965682
1267        "o-n+o"   10   16.843149  37.865986 127.454346
1268        "o-n+s"    4   22.125685   8.914791   8.080078
1269        "o-n+t"    3   15.829474   7.168393   3.999843
1270        "o-n+y"    4    8.173382   6.021406   6.267652
1271        "b-u+a"    5   15.996404  10.440850  11.171479
1272        "b-u+b"    2    2.106639   5.383974   4.219514
1273        "b-u+c"    8   19.467337  13.258204  20.963770
1274        "b-u+i"    3    3.999442   2.999564   4.520195
1275        "b-u+k"   14   19.794882  56.868141  63.740402
1276        "b-u+r"    4    5.976511  10.013323   3.999318
1277        "b-u+s"   12   17.957296  13.809182  15.603868
1278        "b-u+t"   20   38.989822  38.688038 167.562302
1279       "sy-u+k"    8   18.147455  15.374343  28.676796
1280        "o-p+e"    4   20.199329   9.825507   5.983552
1281        "o-p+i"    2   13.764075   3.054565   1.999287
1282        "o-p+o"    6   31.788307  10.995173   7.513894
1283        "o-p+u"    2   20.557247   4.830228   2.026413
1284        "e-a+d"    8   20.212448  37.159500  29.583881
1285        "e-b+a"   30  101.932678  52.562782  49.509613
1286        "e-b+e"   47  205.132843  65.554581  54.671619
1287        "e-b+i"   32   92.757668  40.175533  40.902561
1288        "e-b+u"   15   82.328682  34.478722  21.469080
1289        "o-r+a"    8    8.082439  11.949268  16.064831
1290        "o-r+k"    5   12.206622   6.141382  15.160167
1291        "o-r+m"    6   13.038478   6.054190  12.976784
1292        "o-r+p"    1    0.999945   0.999886   0.999887
1293        "o-r+y"    2    2.111498   2.330693   2.554424
1294        "e-c+a"    5   30.111170  10.038363  10.372688
1295        "o-s+a"   13   38.392750  71.726257  35.527538
1296        "o-s+e"   12   41.983219  44.936390  26.966579
1297        "o-s+i"   18   63.328831 108.058762  43.495735
1298        "e-d+a"    6   19.021364   7.997774  12.284495
1299        "e-d+e"    3    9.053968   3.945277   5.001155
1300        "e-d+i"   30   99.069801  51.241554  38.749302
1301        "o-t+o"   11   35.294636  18.012737  13.537004
1302       "e-r+ny"    5    9.602056   7.116010  16.121677
1303       "g-a+ny"    2    3.793810   3.287278  10.160389
1304        "e-e+m"    1    1.001633   1.145896   1.224734
1305        "e-e+n"    1    1.016253   4.690583   1.205901
1306       "s-ny+a"    1    6.055950   3.663001   0.999946
1307       "kh-a+w"    3    8.014546   5.984564   6.978380
1308       "p-u+ng"    4    5.003936   6.995830   8.010055
1309        "e-f+e"    2   10.424485   2.039137   4.912827
1310        "r-a+a"    2    3.303782   5.261950   3.677387
1311        "r-a+d"    8   22.041672  51.909367  24.269033
1312        "r-a+h"   11   27.082809  34.786274  28.463125
1313        "r-a+k"   17   37.039711  64.291100  64.745148
1314        "r-a+l"    1    1.044535  13.362181   1.071556
1315        "r-a+m"   13   40.916920  68.463936  31.227291
1316        "r-a+n"   37   84.397621 152.150925  72.035400
1317        "r-a+o"    5    9.682513  14.044854  18.639196
1318        "r-a+p"   43   94.911201 158.554962 180.880234
1319        "r-a+r"    3    6.737812  15.352120   6.915872
1320        "r-a+s"   22   52.666996  94.759674  51.532295
1321        "r-a+t"   11   23.440062  37.319130  37.634693
1322        "r-a+u"    5   15.252552  34.240875  14.193557
1323        "r-a+w"    5    9.775975  10.540195  12.291760
1324        "r-a+y"    6   15.456829  20.468195  11.644032
1325        "e-g+a"    3    7.830479  10.448755   6.014654
1326        "e-g+e"   11   38.544006  25.424234  28.694233
1327        "e-g+i"   18   60.854939  40.445423  29.247389
1328        "r-b+a"    6   32.116955  10.019719  10.218829
1329        "r-b+i"    2    5.412032   2.530911   2.210055
1330        "e-h+a"    5   12.363082  10.322775  11.114155
1331        "e-h+b"    3    3.978646   2.999693   3.998975
1332        "e-h+i"    4   36.961521   4.124311   9.000140
1333        "e-h+k"    1    1.000125   1.000174   1.000243
1334        "e-h+m"    4    5.020425   5.536639   4.925294
1335        "r-c+a"    7   31.171211  15.287056  12.996655
1336        "e-i+s"    3    3.000434  10.443509   4.649649
1337        "o-y+o"   10   48.426075  51.614025  27.452400
1338        "r-d+a"   28   78.504990  48.463470  55.574196
1339        "r-d+e"    1    4.004990   1.501723   1.000156
1340        "r-d+i"    3   14.022711   2.999817   3.998180
1341        "r-d+o"   10   35.145325  15.289346  15.400836
1342        "r-d+u"    1    5.447187   1.340366   1.001181
1343        "e-j+a"    4   12.868790   7.953177   9.062602
1344        "e-j+e"    7   35.140965  15.526133  12.889998
1345        "r-e+d"    6   11.978552  25.442560  16.380018
1346        "r-e+k"    1    1.003245   1.874400   3.199735
1347        "r-e+m"    3    4.004092   5.999192   6.878993
1348        "r-e+n"   30   31.542845  42.645611  40.437927
1349        "r-e+t"    3    5.085320   8.094843  11.279320
1350        "e-k+a"   15   37.498302  36.309753  30.671057
1351        "e-k+e"    4   10.408855   9.008967   6.189841
1352        "e-k+o"    1    2.167481   4.850419   1.009626
1353        "e-k+r"    3    7.016261   4.999637   3.979654
1354        "e-k+t"    2    1.999925   2.003056   1.999782
1355       "i-a+ng"    5   17.249950  28.739452  16.081802
1356        "e-l+a"   92  158.182678 130.075378 107.975357
1357       "u-ny+a"    8   42.670826  37.628506  63.345215
1358        "e-l+i"    9   22.041739  11.151935  12.428207
1359        "e-l+u"   36   64.940407  48.609989  42.258911
1360       "r-u+ng"    2    4.378049   4.178204   2.142285
1361        "r-g+a"   15   62.200321  40.028866  39.508007
1362        "r-g+e"   10   23.398260  27.590546  34.600780
1363        "e-m+a"   31   84.583412  66.827209  63.249874
1364        "e-m+b"   52  283.896057  74.575531  54.404945
1365        "e-m+e"    6   19.616194  12.345069  12.669938
1366        "e-m+f"    8   21.997177  11.264767  16.805269
1367        "e-m+i"    5   19.997553   7.866024   7.541233
1368        "e-m+o"    4   10.300771   7.018164   7.164025
1369        "e-m+p"   25   93.329079  41.922054  30.157110
1370        "e-m+u"   20  105.674644  78.527344  47.319923
1371       "kh-i+r"   21   51.706184  83.206329  72.165855
1372        "r-h+a"    1    0.999882   0.999882   0.999882
1373        "e-n+a"   55  105.727654 149.786819 100.902313
1374        "e-n+c"    4   14.875290   6.009628   6.851612
1375        "e-n+d"   38   90.357147 127.526901  66.045769
1376        "e-n+e"    4    4.969591  10.027034   6.004138
1377        "e-n+i"   17   18.902395  33.914898  26.260225
1378        "e-n+j"   65  111.291122 231.407761  98.988678
1379        "e-n+p"    3   14.444633  13.665094   5.829389
1380        "e-n+t"   21  103.661240  77.841499 148.914520
1381        "e-n+u"   40   59.095928 143.564041 308.237091
1382        "r-i+b"   18   36.966351  83.514450  74.195099
1383        "r-i+d"    3    6.776616  11.193425   6.994969
1384        "r-i+i"   11   29.466801  81.962761  49.365154
1385        "r-i+k"   33   69.945213 128.439865 226.994629
1386        "r-i+l"    2    3.147377  10.709671   5.956697
1387        "r-i+m"   34   48.547253  70.295082  70.846481
1388        "r-i+n"    4    7.804656  32.624298   8.779511
1389        "r-i+p"   16   34.607979  77.623283  98.331398
1390        "r-i+r"    2    2.000349   6.211280   2.115430
1391        "r-i+s"   21   43.502659  74.259460  47.887726
1392        "r-i+t"   12   24.686487  39.051594  39.136909
1393       "a-b+ny"    6   22.914091   9.322525  10.157713
1394        "r-j+a"   45  157.384674 100.221344 100.528427
1395        "r-j+u"    3   12.314502   7.025146   6.998325
1396        "e-p+a"   20   86.103806  44.208549  40.051308
1397        "e-p+e"   22   94.178436  51.562122  36.984875
1398        "e-p+u"    9   39.400524  19.280006  16.485468
1399        "r-k+a"   24  108.597694  58.218624  44.548893
1400        "r-k+e"    6   44.001896  16.028395   6.928238
1401        "r-k+i"    1    5.256071   3.742371   1.000191
1402        "r-k+o"    2   50.382862   4.307983   2.000346
1403        "r-k+u"    3   19.884689  12.053528   3.999786
1404        "r-l+a"    6   17.721491  11.499780   7.514987
1405        "r-l+i"    1    1.068276   1.010623   1.003860
1406        "r-l+u"    4    9.999520   3.999761   4.002978
1407        "e-r+a"   47   52.760151  52.915043  57.377354
1408        "e-r+b"    8   11.740920   9.479959  26.805887
1409        "e-r+c"    7   12.804086   9.044129  12.478166
1410        "e-r+d"    9   14.824405  13.319287  20.989794
1411        "e-r+e"    2    1.999373   1.999372   1.999645
1412        "e-r+h"    1    0.999882   0.999882   0.999882
1413        "e-r+i"   65   69.891075  77.640816  73.292313
1414        "e-r+j"   48   74.810173  62.015549 142.041306
1415        "e-r+k"   19   34.690647  24.432796  42.211273
1416        "e-r+l"    4    4.981859   3.999946   3.999761
1417        "e-r+m"    7    7.995816   7.458731  14.019954
1418        "e-r+n"    1    1.229945   2.719539   4.046029
1419        "e-r+o"    2    3.231564   2.719541   2.609585
1420        "e-r+p"    9   13.875601  13.315031  15.316600
1421        "e-r+s"   68   87.394089  78.202141  95.856026
1422        "e-r+t"   35   72.536171  44.947247  64.791222
1423        "e-r+u"   46   50.719421  50.706165  64.773407
1424        "e-r+v"   10   33.001423  18.480669  24.557961
1425        "r-m+a"   11   24.461147  23.093594  29.062830
1426        "r-m+i"    2    3.713879   3.314522   4.096062
1427        "e-s+a"   30   74.817131 161.918228  93.024178
1428        "e-s+e"    6   12.762946  20.208687  13.243042
1429        "e-s+i"   18   44.630589  81.702835  41.640568
1430        "e-s+k"    2    3.978362   6.516045   2.444295
1431        "e-s+p"    9   23.073839  47.480560  16.011690
1432        "e-s+t"    2    4.547647   9.442045   2.001208
1433        "e-s+u"    4   13.696673  22.001888  12.279274
1434       "t-u+ng"    5    8.195484   8.821843   5.016790
1435       "t-u+ny"    8   21.786222  19.543310  42.642174
1436        "r-n+a"    1    0.999963   0.999965   0.999964
1437        "e-t+a"   33  149.734329  78.475792  65.935081
1438        "e-t+e"   10   34.337990  25.092047  13.452383
1439        "e-t+i"    7   34.413414  16.359873   7.370997
1440        "e-t+k"    1   65.179253   1.000853   0.999866
1441        "e-t+m"    1    7.563777   1.006760   1.024461
1442        "e-t+p"    9   32.175278  12.757181  11.835356
1443        "e-t+s"    2    6.850389   2.000198   1.999668
1444        "e-t+t"    1    1.030303   0.999982   1.017692
1445        "e-t+u"    6   23.038517  12.921596  12.055480
1446        "e-t+y"    1    7.073535   1.946279   1.610020
1447        "r-o+d"  100  177.139130 284.934265 337.824432
1448        "r-o+m"   12   24.681505  40.679638  32.603924
1449        "r-o+p"    8   18.281464  18.994879  29.775158
1450        "r-o+s"    9   22.503798  22.826111  17.865467
1451        "e-u+a"    6   14.980667  43.794846  12.050554
1452        "e-u+n"    7    9.906057  21.600311  12.350524
1453       "a-s+ny"    1    3.410389   5.617610   2.983661
1454        "r-p+a"    4  110.665329  10.997809  10.000534
1455        "r-p+e"    8   37.725643  14.772066  11.076981
1456        "r-p+r"    2    2.038854   2.929105   1.999502
1457        "h-a+a"   34   46.417221  76.914223  39.599739
1458        "h-a+d"   18   33.770996  72.750084  52.030460
1459        "h-a+e"    2    2.113632   8.124891   2.280561
1460        "h-a+k"    4    5.409295  15.698197  11.968279
1461        "h-a+l"   22   58.760757 161.669144  52.400974
1462        "h-a+m"    3    7.062052  22.361532   8.528269
1463        "h-a+n"   34   62.776615  92.597023  57.664558
1464        "h-a+r"   52  103.927994 153.675186 132.194336
1465        "h-a+s"   16   26.481302  39.346851  36.581734
1466        "h-a+t"   30   45.614738 103.072906  75.992653
1467        "h-b+a"   13   25.386984  23.469542  20.974520
1468        "h-b+e"   11   16.728079  12.043736  11.870757
1469        "h-c+e"    1    3.299349   1.819191   0.999821
1470        "h-c+u"    1    5.026644   1.004586   0.999798
1471        "r-s+a"    5   11.860375  24.252975  17.536720
1472        "r-s+e"   50  199.320587 230.192017 111.159309
1473        "r-s+i"   15   50.121605  73.719002  33.484112
1474        "r-s+o"    2    2.444155  10.713734   5.007133
1475        "r-s+s"    2    3.983521  13.341953   2.000411
1476        "e-y+a"    2    2.002563  24.776381   3.506037
1477        "h-d+a"    5    9.441728   6.001263  11.699744
1478        "h-d+e"    4    7.838341   9.999449   8.000052
1479        "h-d+i"   13   15.631491  13.890316  15.243023
1480        "h-d+u"    1    1.006105   1.000542   0.999935
1481       "m-a+ng"   10   16.582876  18.496653  14.145198
1482        "r-t+a"   19  124.807343  48.222702  32.231720
1483        "r-t+e"    1    6.762790   1.983483   1.011347
1484        "r-t+i"   23  138.509827  47.554375  25.159409
1485        "r-t+u"    2    4.935668   3.910812   3.163060
1486        "h-e+m"    2    2.148653   3.037731   3.109161
1487        "h-e+n"    4    5.637547   4.879835   6.897409
1488        "r-u+g"    2    3.873209   6.426088  13.753333
1489        "r-u+i"    3    5.024316   8.936362   6.370708
1490        "r-u+n"   28   40.796318  69.728416  42.168404
1491        "r-u+r"    3    6.999683   6.680847  43.247654
1492        "r-u+s"   51   80.562263  97.028023  85.231270
1493        "r-u+t"    9   21.966850  30.780497  22.824392
1494        "h-f+o"    1    2.645008   1.031778   2.021755
1495        "r-v+i"   10   53.037678  24.925360  70.263496
1496        "u-a+b"    3    5.925272   7.904079   7.111031
1497        "u-a+d"    5   11.503092   6.496446  11.793558
1498        "u-a+i"    3    6.007149   6.904317   6.915383
1499        "u-a+k"    1    4.048607   2.926076   2.933860
1500        "u-a+l"   63  109.467537 124.876846 131.377213
1501        "u-a+m"    1    1.134723  15.445348   9.753757
1502        "u-a+n"    2    3.914075   5.270818   3.085816
1503        "u-a+p"   15   19.164501  26.836302  40.267845
1504        "u-a+s"    4    6.693638   4.960844  10.005803
1505        "u-a+t"    6    9.234143  16.666945  15.295364
1506        "u-b+a"    5   12.969622   9.009395   9.627584
1507        "u-b+e"    6   17.084484   9.024992   6.373248
1508        "u-b+o"    2    4.070976   2.008991   1.999997
1509        "u-b+u"    3    7.379668   4.074878   3.080486
1510        "h-h+a"    3    3.952686   5.031403   6.697655
1511        "u-c+a"    8   39.827206  20.851856  13.203390
1512       "p-e+ng"    5    6.661379   4.999186   5.003744
1513       "p-e+ny"    5    7.018775   9.019116  17.317137
1514        "h-i+n"    3    3.011828   5.091789   6.583858
1515        "r-y+a"   18   66.320831  68.302368  40.616093
1516        "u-d+a"   59  139.158295 114.949127 231.511841
1517        "u-d+e"    3    7.976773   5.003361   4.896218
1518        "u-d+i"    3    8.100690   2.999827   3.500780
1519        "h-j+i"    3    9.973814   6.026840   4.931251
1520        "h-k+a"   21   35.215622  41.695751  38.331287
1521        "h-k+e"    4    9.009929  12.994376   5.964726
1522        "h-k+i"    5   12.939423   9.764153   5.914351
1523        "h-l+a"    3    4.999598   3.999760   4.866277
1524        "h-l+i"    7   11.239444   7.643520   8.777604
1525        "u-g+a"   12   32.130203  36.157974  36.275318
1526        "u-g+i"    2    4.563656  10.210480   1.999362
1527        "h-m+e"   23   45.197857  32.107273  36.414913
1528        "h-m+i"    1    1.012268   1.083458   0.999891
1529       "s-i+ng"   12   21.872395  21.884773  31.833023
1530       "s-i+ny"    8   21.591516  36.723904  30.157232
1531        "u-h+a"   15   32.383003  38.427116  28.246925
1532        "u-h+i"    1    2.153323   1.502573   1.017031
1533        "u-h+k"    3   11.003747   3.418332   3.532799
1534        "u-h+l"    7    7.650982   7.168508   9.083401
1535        "u-h+p"   11   15.790668  11.513199  13.098543
1536        "u-h+r"    1   16.200829   1.508733   2.437946
1537        "u-h+s"    7    9.277506   7.350956   8.431729
1538        "u-i+b"    4   10.606462  37.228661  19.582258
1539        "u-i+c"    3   10.131907  21.624052  16.525297
1540        "u-i+i"    1    3.295897   8.052615   3.405325
1541        "u-i+l"    4   15.329683  22.494698  11.220364
1542        "u-i+m"    4   19.054798  16.700350  12.590245
1543        "u-i+p"    2    3.512830   6.874471   9.214502
1544        "u-i+s"    1    2.058046  20.936947   1.072524
1545        "u-i+t"    3    8.921655   9.141030  10.464417
1546        "h-o+n"    3    7.961334   7.980700   5.635844
1547        "h-o+r"    6   11.314576  18.549240  11.528733
1548        "u-j+i"    2    9.784087   4.269442   2.001526
1549        "u-j+u"   11   38.287720  28.038763  29.549026
1550        "h-p+a"    4    6.168886   9.002387   8.000202
1551        "h-p+e"   11   30.407618  19.614386  12.787828
1552        "h-p+o"    2    3.836810   4.193928   2.016906
1553        "h-p+r"    7   13.946392  11.529397  13.541658
1554        "h-p+u"    1    1.110864   3.888383   0.999873
1555        "u-k+a"   37  102.320221  97.844788  75.029678
1556        "u-k+d"    7   73.483459  17.890230   7.521384
1557        "u-k+e"    3    7.925237   7.003828   3.057997
1558        "u-k+i"   16   73.970154  43.053345  22.554302
1559        "u-k+k"   28   59.747005  32.873306  31.816078
1560        "u-k+l"    3    7.267482   5.994925   8.785085
1561        "u-k+m"   19   43.013546  27.570862  26.430578
1562        "u-k+p"    8   12.490465   9.055958   8.163506
1563        "u-k+s"   56  221.351303  82.017883  87.028000
1564        "u-k+t"    2    3.346879   2.109775   2.000379
1565        "u-k+u"   20   53.787395  54.741249  24.438576
1566        "u-k+y"   14   34.812462  46.626450  20.499466
1567        "u-l+a"    7   21.874111  18.335247  10.787358
1568        "u-l+e"    2    2.898255  26.874361   2.166225
1569        "u-l+p"    3    5.893250   3.001490   4.223403
1570        "u-l+s"    1    1.001107   1.000067   1.000101
1571        "u-l+t"    1    1.009195   1.001958  18.037773
1572        "u-l+u"   25   41.209545  26.834665  27.314829
1573        "h-r+e"    1    1.103953   1.561249   1.191874
1574        "u-m+e"    4   12.262032   6.082721   6.827311
1575        "u-m+l"   11   26.766895  26.051714  21.994381
1576        "u-m+m"    6    9.603890   6.393596   8.645144
1577        "u-m+p"    3   16.109247   4.978186   3.022406
1578        "h-s+a"   12   30.200031  55.137299  37.031853
1579        "h-s+e"   12   44.440346  61.270626  30.178062
1580        "h-s+t"    1    1.000451   1.115484   0.999965
1581        "u-n+a"   31   38.057209  81.737595  71.475548
1582        "u-n+b"    1    1.149145   6.678718   1.001381
1583        "u-n+d"    5   12.594113  24.785543   6.948694
1584        "u-n+i"   11   18.255297  51.036777  20.235668
1585        "u-n+j"    3   21.126957  12.814610  12.210153
1586        "u-n+k"    2    7.079846   4.812454   2.077613
1587        "u-n+l"    3    8.797015   4.981479   5.675897
1588        "u-n+m"    2   17.655767   2.554224  34.668564
1589        "u-n+p"    2   13.614148  10.759252  70.108459
1590        "u-n+s"   14   23.909229  33.183796  23.339891
1591        "u-n+t"   50  182.073792 120.942467 103.833908
1592        "u-n+u"    3    8.354628   4.046703   5.587039
1593        "u-n+y"    1    1.517583   2.256382   5.782604
1594        "h-t+e"   30   46.530884  58.129871  45.306263
1595        "h-u+b"    3    3.837553   7.037411  15.486800
1596        "h-u+i"   10   13.596442  14.939200  20.997215
1597        "h-u+n"   42   69.661613  75.639824  64.097778
1598        "u-p+b"    1    0.999975   0.999850   0.999850
1599        "u-p+d"    3    4.373579   3.004544   3.919911
1600        "u-p+i"    5   24.871117   8.997630   5.030797
1601        "u-p+k"    2    3.985479   2.011883   2.000058
1602        "u-p+l"    7   22.333891  16.826805  15.468715
1603        "u-p+s"    2    5.958775   2.000809   1.999466
1604        "u-p+u"    3   13.008118   6.999467   6.001097
1605        "k-a+a"    4   10.732017  32.899021  22.818918
1606        "k-a+b"    1    3.505889   1.181004   6.261011
1607        "k-a+d"    7    9.724555  26.131296  22.836430
1608        "k-a+g"    3    6.999249  35.954239   8.637118
1609        "k-a+h"   17   26.800514  54.308041  43.178345
1610        "k-a+i"   18   38.082878  57.034874  36.155197
1611        "k-a+k"    4    5.902884  12.100384   9.030651
1612        "k-a+l"   22   44.737347  68.434219  47.686203
1613        "k-a+m"   17   34.893616  54.522644  38.048405
1614        "k-a+n"  225  439.199219 724.046814 391.463348
1615        "k-a+r"   45   82.048065 156.044785  90.868385
1616        "k-a+s"   38   75.747208  98.077080  88.242233
1617        "k-a+t"   45  100.597748 174.092697 156.019958
1618        "k-a+u"    7   14.107685  25.208302  27.951145
1619        "h-w+a"    6   38.460541  38.758163  59.127422
